743,0,3
23837,4,19
42797,20,55
36788,56,61
25772,62,65
36809,66,106
49127,107,282
37358,283,291
1414,292,296
3578,297,340
21306,341,352
30067,353,388
34648,389,420
8777,421,530
48449,531,537
34449,538,548
23650,549,898
21796,899,921
5023,922,926
12154,927,943
39638,944,958
36418,959,969
28722,970,1111
15968,1112,1119
26279,1120,1182
7355,1183,1184
23186,1185,1222
28644,1223,1310
12245,1311,1319
32045,1320,1327
37057,1328,1433
3942,1434,1931
39216,1932,1933
1320,1934,1975
45815,1976,2006
38461,2007,2164
28606,2165,2211
35359,2212,2213
830,2214,2216
29145,2217,2230
23895,2231,2263
28026,2264,2309
7703,2310,2316
13364,2317,2344
49110,2345,2364
29191,2365,2380
22,2381,2393
18686,2394,2395
1754,2396,2503
35948,2504,2535
33535,2536,2570
14315,2571,2627
18973,2628,2650
7150,2651,2660
20180,2661,2731
8888,2732,2748
1590,2749,2764
26530,2765,2787
18780,2788,2859
42747,2860,2874
11115,2875,2918
46761,2919,2930
49385,2931,2940
13159,2941,2960
43896,2961,3022
27441,3023,3031
13427,3032,3039
14233,3040,3042
3277,3043,3073
33509,3074,3136
10270,3137,3178
10656,3179,3207
48668,3208,3297
25305,3298,3315
41773,3316,3316
27832,3317,3352
24889,3353,3384
30182,3385,3426
10567,3427,3453
1519,3454,3487
44823,3488,3499
26429,3500,3663
25463,3664,3680
46240,3681,3705
6411,3706,3749
2152,3750,3916
26167,3917,3977
35020,3978,3986
454,3987,4075
39955,4076,4101
20712,4102,4103
28271,4104,4126
15484,4127,4132
6263,4133,4190
7215,4191,4205
39046,4206,4275
49484,4276,4309
26786,4310,4317
42902,4318,4318
21057,4319,4319
47646,4320,4320
32814,4321,4332
23565,4333,4345
34998,4346,4380
36233,4381,4392
39840,4393,4401
26813,4402,4406
6524,4407,4409
43641,4410,4533
23391,4534,4550
18186,4551,4556
11948,4557,4586
33221,4587,4615
33102,4616,4626
34880,4627,4853
38111,4854,4877
28639,4878,4891
39136,4892,4899
23768,4900,4906
25952,4907,5440
46190,5441,5488
7743,5489,5527
14742,5528,5541
24838,5542,5657
12963,5658,5659
31049,5660,5683
44545,5684,5685
28880,5686,5688
11803,5689,5702
10015,5703,5717
16892,5718,5727
24343,5728,5730
36022,5731,5732
28131,5733,5735
18571,5736,5770
12555,5771,5818
36477,5819,5823
43794,5824,5830
37689,5831,5853
29668,5854,5961
17863,5962,5967
13803,5968,5981
31556,5982,6126
36407,6127,6139
4609,6140,6143
11344,6144,6214
4434,6215,6250
14046,6251,6288
33650,6289,6290
39586,6291,6294
46845,6295,6324
3103,6325,6371
45512,6372,6453
41264,6454,7418
32739,7419,7424
18524,7425,7448
16541,7449,7468
36008,7469,7469
47663,7470,7484
40787,7485,7502
42501,7503,7586
45068,7587,7597
22144,7598,7621
22477,7622,7626
34798,7627,7654
23914,7655,7663
22949,7664,7721
35408,7722,7740
48225,7741,7776
45025,7777,7826
27875,7827,7834
26085,7835,8005
24925,8006,8052
7741,8053,8184
19803,8185,8186
7763,8187,8193
41370,8194,8209
48514,8210,8215
8644,8216,8371
22518,8372,8533
24169,8534,8538
24833,8539,8561
31436,8562,8596
3405,8597,8619
38725,8620,8655
30815,8656,8664
29213,8665,8692
32073,8693,8699
39928,8700,8719
25703,8720,8723
8736,8724,8769
21684,8770,8783
29041,8784,8807
17131,8808,9145
28418,9146,9148
13488,9149,9187
20473,9188,9263
32213,9264,9753
49121,9754,9848
38084,9849,9862
23061,9863,9939
33031,9940,10044
33523,10045,10073
23631,10074,10074
36729,10075,10137
29335,10138,10189
29890,10190,10203
27980,10204,10204
43223,10205,10224
28047,10225,10225
37804,10226,10431
11926,10432,10432
40232,10433,10514
30729,10515,10573
15280,10574,10584
8109,10585,10798
37290,10799,10852
3114,10853,10925
45141,10926,10934
39236,10935,10935
34088,10936,10950
42378,10951,10956
26605,10957,11089
14453,11090,11476
2934,11477,11481
21471,11482,11492
15314,11493,11500
20610,11501,11595
37820,11596,11666
48642,11667,11708
37529,11709,11727
8177,11728,11775
18667,11776,11805
40587,11806,11833
42131,11834,11836
48625,11837,11874
6619,11875,11900
9525,11901,11904
28569,11905,11910
25082,11911,11914
34838,11915,11932
37584,11933,12349
29432,12350,12653
32922,12654,12664
14392,12665,12757
858,12758,12782
13895,12783,12806
25406,12807,13004
17081,13005,13013
19227,13014,13026
42439,13027,13086
13422,13087,13088
19282,13089,13121
6243,13122,13226
3146,13227,13247
37324,13248,13263
28691,13264,13304
43228,13305,13375
16567,13376,13397
5554,13398,13399
23864,13400,13422
48767,13423,13513
7309,13514,13521
40330,13522,13681
18944,13682,13689
46226,13690,13694
49756,13695,13745
6853,13746,13754
4993,13755,14101
4463,14102,14153
28286,14154,14162
30808,14163,14192
26539,14193,14205
31795,14206,14247
25050,14248,14248
2745,14249,14258
22192,14259,14265
89,14266,14289
16451,14290,14292
16879,14293,14298
47710,14299,14312
19598,14313,14407
7765,14408,14461
16396,14462,14464
31107,14465,14891
21365,14892,14948
3174,14949,14955
1192,14956,15249
7043,15250,15368
22639,15369,15371
47349,15372,15372
19558,15373,15628
36742,15629,15650
48773,15651,15654
15418,15655,15660
33364,15661,15786
21417,15787,15789
14622,15790,15823
24191,15824,15877
28200,15878,15886
6940,15887,15896
44636,15897,15917
40675,15918,16185
32402,16186,16188
39464,16189,16274
31362,16275,16285
19361,16286,16298
34132,16299,16349
9857,16350,16356
12696,16357,16429
30767,16430,16586
17520,16587,16634
29869,16635,16652
8658,16653,16679
39612,16680,16759
14270,16760,16786
44050,16787,16828
41540,16829,16842
26801,16843,16883
32127,16884,16906
33211,16907,16974
48291,16975,17022
44337,17023,17056
5091,17057,17083
8580,17084,17231
36145,17232,17413
42043,17414,17452
19536,17453,17477
10149,17478,17539
14800,17540,17550
47939,17551,17604
6855,17605,17630
31950,17631,17670
49196,17671,17711
34224,17712,17760
33354,17761,17795
18013,17796,17822
6716,17823,17858
30903,17859,17912
1458,17913,17972
28953,17973,17975
24214,17976,18086
2684,18087,18108
24761,18109,18184
13730,18185,18186
42658,18187,18634
35415,18635,18749
10234,18750,18753
16895,18754,18777
2754,18778,18877
38139,18878,18888
12356,18889,18946
10334,18947,18999
38896,19000,19012
14959,19013,19103
45590,19104,19130
41854,19131,19156
11829,19157,19246
39449,19247,19249
11432,19250,19308
26297,19309,19321
45620,19322,19362
9304,19363,19381
9885,19382,19385
28572,19386,19552
42061,19553,19555
343,19556,19574
3751,19575,19583
22779,19584,19645
6983,19646,19666
48818,19667,19691
4514,19692,19729
27975,19730,19743
28268,19744,19758
29569,19759,19946
608,19947,20284
34801,20285,20374
3523,20375,20593
25172,20594,20617
28538,20618,20978
14454,20979,21657
41196,21658,21676
17799,21677,21692
19874,21693,21786
459,21787,21844
11525,21845,21883
5642,21884,21894
39630,21895,21929
46034,21930,21964
42322,21965,21977
45610,21978,21993
7591,21994,21998
34576,21999,22046
48011,22047,22049
11270,22050,22244
20025,22245,22264
10573,22265,22281
30191,22282,22282
46154,22283,22287
45367,22288,22295
3065,22296,22329
18069,22330,22333
512,22334,22338
31540,22339,22403
6209,22404,22405
16085,22406,22436
13968,22437,22446
39681,22447,22477
7939,22478,22491
9600,22492,22494
39716,22495,22500
7576,22501,22506
38492,22507,22532
25756,22533,22583
23966,22584,22591
40576,22592,22600
26504,22601,22668
35659,22669,22692
281,22693,22784
24041,22785,22787
25306,22788,22845
16862,22846,22863
10433,22864,22866
1502,22867,22956
7270,22957,22972
18550,22973,22980
39407,22981,22996
44722,22997,22999
9611,23000,23008
26650,23009,23025
32390,23026,23035
971,23036,23083
24195,23084,23095
37816,23096,23113
43131,23114,23150
47393,23151,23154
42145,23155,23160
30898,23161,23408
5684,23409,23502
35694,23503,23518
16690,23519,23556
36893,23557,23560
551,23561,23637
4663,23638,23640
13212,23641,23644
47585,23645,23654
24452,23655,23672
32621,23673,23694
42527,23695,23717
40453,23718,23754
42442,23755,23826
37902,23827,23833
24037,23834,23845
7863,23846,23873
24676,23874,23882
43271,23883,23927
37949,23928,23932
27850,23933,23942
48362,23943,23998
44532,23999,24028
49850,24029,24193
6672,24194,24257
32106,24258,24460
13136,24461,24461
15740,24462,24477
30736,24478,24638
30571,24639,24719
10570,24720,24808
45717,24809,24880
44522,24881,24968
28550,24969,24991
26071,24992,25044
12763,25045,25085
16261,25086,25091
24804,25092,25101
4566,25102,25128
24796,25129,25167
41272,25168,25175
28951,25176,25182
45435,25183,25192
9961,25193,25224
8008,25225,25282
36403,25283,25301
3957,25302,25319
49063,25320,25324
19014,25325,25460
37665,25461,25494
37078,25495,25671
27285,25672,25852
44672,25853,25895
19083,25896,25910
43730,25911,25914
32497,25915,28061
30263,28062,28240
7967,28241,28245
17583,28246,28262
29096,28263,28269
10701,28270,28388
38776,28389,28434
2147,28435,28443
17343,28444,28456
14481,28457,28514
43107,28515,28582
41804,28583,28610
22506,28611,28793
37295,28794,28986
31297,28987,29110
34136,29111,29219
17169,29220,29275
26138,29276,29313
17816,29314,29334
19374,29335,29343
4608,29344,29360
23217,29361,29362
30181,29363,29371
27823,29372,29408
49301,29409,29598
36443,29599,29599
4718,29600,29606
27325,29607,29707
43572,29708,29775
20916,29776,30092
46279,30093,30115
49118,30116,30121
8017,30122,30131
16304,30132,30185
46945,30186,30197
10565,30198,30211
28694,30212,30229
5733,30230,30275
29004,30276,30288
25974,30289,30290
48196,30291,30294
24951,30295,30355
33857,30356,30371
38649,30372,30433
9398,30434,30508
1184,30509,30579
2465,30580,30585
36417,30586,30592
29248,30593,30596
46941,30597,30672
18762,30673,30805
18368,30806,31094
16057,31095,31237
3347,31238,31249
22633,31250,31272
7301,31273,31285
8761,31286,31298
3216,31299,31324
42760,31325,31326
9869,31327,31373
36394,31374,31404
25059,31405,31462
19756,31463,31528
16634,31529,31592
45087,31593,31610
41842,31611,31614
15078,31615,31626
35546,31627,31646
30210,31647,31766
35352,31767,31857
46378,31858,32037
24135,32038,32049
7179,32050,32116
16860,32117,32125
31212,32126,32163
7046,32164,32179
6554,32180,32218
39150,32219,32249
6045,32250,32288
28522,32289,32337
29961,32338,32375
45472,32376,32389
45839,32390,32405
43097,32406,32428
37834,32429,32472
16829,32473,32548
41693,32549,32578
48391,32579,32645
9190,32646,32656
41899,32657,32712
39160,32713,32987
21574,32988,32989
18570,32990,33464
36576,33465,33530
32489,33531,33618
1569,33619,33675
21746,33676,33779
41980,33780,33852
9951,33853,33903
12778,33904,33995
4066,33996,34034
7964,34035,34194
12508,34195,34328
40605,34329,34573
28278,34574,34851
41954,34852,34864
3087,34865,34885
14171,34886,34978
3509,34979,35512
20388,35513,35536
23728,35537,35555
22185,35556,35639
16152,35640,35704
13388,35705,35721
19862,35722,35817
45888,35818,35821
40221,35822,35834
29443,35835,35860
21168,35861,35960
22524,35961,35973
37924,35974,35995
4538,35996,36038
590,36039,36045
21570,36046,36053
25487,36054,36225
21646,36226,36299
7686,36300,36321
43616,36322,36332
6069,36333,36574
27319,36575,36624
12667,36625,36828
24739,36829,36837
37721,36838,36851
36725,36852,36872
28330,36873,36873
30254,36874,36909
13001,36910,36969
3427,36970,37017
30019,37018,37580
12861,37581,37779
11787,37780,37780
49495,37781,37796
36493,37797,37797
23038,37798,37907
5140,37908,37940
19753,37941,37974
41869,37975,37980
20684,37981,38045
18834,38046,38058
38510,38059,38086
37088,38087,38107
46339,38108,38113
16758,38114,38118
7454,38119,38142
39636,38143,38163
45805,38164,38258
38661,38259,38287
36030,38288,38496
998,38497,38541
36822,38542,38880
26931,38881,38886
22530,38887,38902
27161,38903,38947
1398,38948,39057
28542,39058,39122
33555,39123,39148
1366,39149,39180
28819,39181,39220
41259,39221,39246
1574,39247,39313
9149,39314,39331
20552,39332,39544
3536,39545,39731
38377,39732,39759
26999,39760,39816
32146,39817,39917
8104,39918,39930
26784,39931,39953
15364,39954,39963
47694,39964,40008
44218,40009,40138
8235,40139,40163
34086,40164,40426
25746,40427,40507
29790,40508,40546
10288,40547,40767
10705,40768,40817
10125,40818,40887
49702,40888,40898
7602,40899,40986
36892,40987,41040
44544,41041,41116
48381,41117,41124
16245,41125,41125
35297,41126,41209
39697,41210,41384
40418,41385,41399
28499,41400,41450
15019,41451,41456
34366,41457,41498
16476,41499,41530
48311,41531,41617
18769,41618,41783
1632,41784,41801
1247,41802,41819
36800,41820,41856
7020,41857,41907
41996,41908,41956
42446,41957,42006
42445,42007,42167
24183,42168,42179
30150,42180,42247
23182,42248,42549
31588,42550,42626
41855,42627,42634
37765,42635,42691
35651,42692,42709
31808,42710,42744
30794,42745,42771
3096,42772,42858
10805,42859,42876
17330,42877,42885
31621,42886,42888
12496,42889,42910
8047,42911,42917
30471,42918,42930
15880,42931,42931
32149,42932,43001
2428,43002,43020
3350,43021,43024
31444,43025,43039
11060,43040,43042
23872,43043,43046
14020,43047,43067
42711,43068,43149
21846,43150,43151
36486,43152,43175
38758,43176,43227
37223,43228,43263
44632,43264,43340
19311,43341,43357
32657,43358,43381
32525,43382,43424
35662,43425,43435
36920,43436,43557
44884,43558,43680
18764,43681,43840
966,43841,43846
24704,43847,43856
27057,43857,43857
31533,43858,43864
22876,43865,44065
38181,44066,44126
25211,44127,44158
41829,44159,44168
17394,44169,44178
45586,44179,44253
41442,44254,44269
29182,44270,44283
39220,44284,44304
20876,44305,44313
26890,44314,44337
15770,44338,44361
25009,44362,44363
29578,44364,44482
8295,44483,44682
8682,44683,44846
24132,44847,44886
4519,44887,44931
35286,44932,44969
7972,44970,44974
44500,44975,44988
23435,44989,45163
25521,45164,45192
31996,45193,45207
20117,45208,45519
823,45520,45536
31075,45537,45606
32527,45607,45616
18842,45617,45636
11400,45637,45695
8542,45696,45723
22908,45724,45779
25262,45780,45808
12822,45809,45838
24105,45839,46026
25668,46027,46037
27174,46038,46066
32995,46067,46121
23643,46122,46137
13045,46138,46214
37523,46215,46317
5427,46318,46510
7507,46511,46741
38497,46742,46753
33315,46754,46762
25655,46763,46777
15882,46778,46780
44084,46781,46796
15996,46797,46806
40357,46807,46868
4506,46869,46933
48815,46934,46951
28316,46952,46956
329,46957,46974
29080,46975,46989
13154,46990,47055
17692,47056,47130
36945,47131,47263
40423,47264,47330
30669,47331,47479
49501,47480,47524
20439,47525,47606
1631,47607,47691
13000,47692,47716
4545,47717,47933
30930,47934,47952
45485,47953,47975
48030,47976,47989
23048,47990,47993
18259,47994,47995
1209,47996,48134
30107,48135,48139
30251,48140,48166
4475,48167,48359
25752,48360,48413
8006,48414,48472
37482,48473,48516
47280,48517,48642
46430,48643,48711
25162,48712,48741
41585,48742,48788
15253,48789,48793
40557,48794,48827
42400,48828,48839
12565,48840,48847
34969,48848,48889
24759,48890,48928
15051,48929,48943
20121,48944,49010
8520,49011,49103
17758,49104,49801
45234,49802,49871
23666,49872,49872
45656,49873,49873
31999,49874,49875
18934,49876,50011
36460,50012,50139
15734,50140,50175
32315,50176,50180
25876,50181,50311
10060,50312,50354
48724,50355,50367
28028,50368,50371
1770,50372,50505
32022,50506,50673
40945,50674,50788
13090,50789,50800
47359,50801,50836
33604,50837,50847
26144,50848,50944
27982,50945,50964
6480,50965,50969
24339,50970,50970
18904,50971,50984
30482,50985,51014
47882,51015,51048
15274,51049,51146
13111,51147,51324
26757,51325,51411
25401,51412,51518
29319,51519,51629
48876,51630,51814
26546,51815,52045
11572,52046,52093
39875,52094,52120
24726,52121,52137
2590,52138,52160
36631,52161,52172
44263,52173,52181
42886,52182,52182
7549,52183,52185
47020,52186,52311
27122,52312,52495
44094,52496,52524
10138,52525,52569
5865,52570,52580
49077,52581,52612
4635,52613,52659
47491,52660,52727
24566,52728,52736
22375,52737,52748
4857,52749,52781
22093,52782,52809
4307,52810,52835
36067,52836,52836
36307,52837,52857
13716,52858,53231
38884,53232,53262
19638,53263,53329
12387,53330,53333
6533,53334,53713
31102,53714,53716
49956,53717,53724
5618,53725,53742
22740,53743,53748
44484,53749,53819
14305,53820,53914
36804,53915,53945
1912,53946,53980
42178,53981,54053
6302,54054,54501
34985,54502,54585
8798,54586,54663
40012,54664,54738
5653,54739,54873
40192,54874,54939
6184,54940,55002
46233,55003,55224
39519,55225,55240
9627,55241,55370
38568,55371,55480
23382,55481,55540
25199,55541,55620
16589,55621,55941
30003,55942,55951
48088,55952,55952
10089,55953,55957
20846,55958,55958
32374,55959,55981
20532,55982,55985
41246,55986,56035
19895,56036,56045
38881,56046,56053
29274,56054,56246
20275,56247,56421
44472,56422,56445
17219,56446,56470
49538,56471,56544
8954,56545,56552
8016,56553,56869
47768,56870,56882
48315,56883,56886
22671,56887,57096
12575,57097,57132
24312,57133,57165
48753,57166,57251
30696,57252,57269
46773,57270,57830
39608,57831,57915
35813,57916,58013
45371,58014,58051
40907,58052,58082
23487,58083,58187
813,58188,58221
47563,58222,58244
37923,58245,58270
24816,58271,58355
22844,58356,58400
1191,58401,58508
14148,58509,58600
44242,58601,58604
30303,58605,58675
34510,58676,58714
32971,58715,58858
28244,58859,58912
36362,58913,58944
12132,58945,58970
8041,58971,59030
42701,59031,59097
49638,59098,60235
35120,60236,60342
39666,60343,60386
5414,60387,60442
49397,60443,60481
36261,60482,60503
38888,60504,60509
2240,60510,60550
24224,60551,60554
23495,60555,60645
38717,60646,60772
6000,60773,60847
33551,60848,60885
14796,60886,61099
14188,61100,61166
26377,61167,61173
34936,61174,61599
31277,61600,61632
25518,61633,61780
23527,61781,61813
29686,61814,61821
24687,61822,61832
22150,61833,61933
28337,61934,62017
14839,62018,62165
14823,62166,62172
47134,62173,62205
8661,62206,62228
36899,62229,62319
15088,62320,62332
36271,62333,62360
11556,62361,62551
1048,62552,62589
46543,62590,62726
35888,62727,62882
12433,62883,62925
24893,62926,62997
24043,62998,63128
28051,63129,63168
37267,63169,63190
28551,63191,63263
7118,63264,63398
22943,63399,63440
27522,63441,63512
22896,63513,63520
31231,63521,63539
33846,63540,63559
7428,63560,63599
13627,63600,63693
24945,63694,63808
32200,63809,63905
26568,63906,63962
22446,63963,64072
49731,64073,64091
1226,64092,64236
29270,64237,64314
44736,64315,64480
5868,64481,64527
19695,64528,64581
22692,64582,64616
46251,64617,64619
35732,64620,64655
13046,64656,64739
28294,64740,65692
7731,65693,65989
10981,65990,66055
26951,66056,66063
39852,66064,66165
30906,66166,66266
27383,66267,66274
40061,66275,66318
18424,66319,66378
29326,66379,66387
42450,66388,66431
8173,66432,66503
5668,66504,66560
29516,66561,66561
47043,66562,66584
48496,66585,66709
46711,66710,66777
24378,66778,66778
22406,66779,66781
4649,66782,66803
4150,66804,66911
17435,66912,67015
36484,67016,67056
4414,67057,67099
15893,67100,67192
36489,67193,67208
18002,67209,67248
49577,67249,67310
10339,67311,67729
31010,67730,67815
12295,67816,68273
20293,68274,68292
25387,68293,68297
42643,68298,68340
42885,68341,68662
9607,68663,68712
14037,68713,68765
11389,68766,68777
6943,68778,68781
13101,68782,68839
17030,68840,68843
45193,68844,68902
27960,68903,68924
23050,68925,68965
43991,68966,69019
23912,69020,69114
19934,69115,69141
1037,69142,69142
13289,69143,69156
34333,69157,69190
1484,69191,69192
180,69193,69200
33342,69201,69201
46554,69202,69226
40227,69227,69397
38928,69398,69510
36412,69511,69611
45552,69612,69623
47604,69624,69637
19888,69638,69644
46769,69645,69859
12903,69860,69891
16033,69892,69925
23233,69926,69931
3047,69932,70007
18451,70008,70160
41936,70161,70206
44582,70207,70213
28007,70214,70226
44875,70227,70354
19826,70355,70359
29210,70360,70409
8707,70410,70531
47874,70532,70699
28460,70700,70756
10202,70757,70809
23822,70810,70835
28764,70836,70879
36128,70880,70930
16421,70931,71078
22677,71079,71193
42266,71194,71337
2296,71338,71405
41000,71406,71526
1619,71527,71595
22148,71596,71958
39939,71959,71973
36248,71974,71989
27020,71990,71995
43704,71996,72137
7920,72138,72254
36598,72255,72302
24440,72303,72318
6523,72319,72325
49718,72326,72326
9582,72327,72361
33786,72362,72486
1596,72487,72665
15712,72666,73299
43712,73300,73534
15015,73535,73651
37251,73652,73725
7032,73726,73766
21223,73767,73774
11132,73775,73787
34658,73788,73941
8485,73942,73963
40699,73964,73979
25128,73980,74238
29478,74239,74261
8825,74262,74342
41481,74343,74422
19911,74423,74454
37865,74455,74661
19113,74662,74690
15913,74691,74706
20555,74707,74776
22388,74777,74847
30204,74848,74849
32969,74850,75037
33676,75038,75157
34413,75158,75185
28675,75186,75223
32415,75224,75340
12056,75341,75471
38189,75472,75531
42676,75532,75535
36326,75536,75625
43034,75626,75703
14417,75704,75768
27986,75769,75815
6737,75816,75851
38792,75852,75972
2502,75973,75979
4577,75980,76109
10753,76110,76284
46607,76285,76349
36288,76350,76465
7553,76466,76499
19670,76500,76580
31695,76581,76621
29847,76622,76681
22537,76682,76694
14871,76695,76703
26806,76704,76734
15281,76735,76871
20134,76872,76909
29512,76910,76966
27251,76967,77103
5936,77104,77164
35260,77165,77229
12796,77230,77256
24591,77257,77508
44302,77509,77547
3994,77548,77575
24632,77576,77582
1879,77583,77605
726,77606,77609
26175,77610,77833
33269,77834,77945
39140,77946,78057
8373,78058,78072
41103,78073,78086
1041,78087,78193
49788,78194,78230
5360,78231,78287
44874,78288,78312
11144,78313,78332
36348,78333,78368
1992,78369,78369
12068,78370,78393
25426,78394,78406
42831,78407,78441
30891,78442,78486
16140,78487,78522
42762,78523,78860
29791,78861,78923
31496,78924,79036
20714,79037,79075
18277,79076,79113
16427,79114,79141
23703,79142,79400
28896,79401,79608
48910,79609,79760
5772,79761,79830
10105,79831,79893
7889,79894,80023
23889,80024,80034
49248,80035,80070
42258,80071,80384
45009,80385,80483
33043,80484,80591
37297,80592,80670
44223,80671,80797
37000,80798,81003
32827,81004,81015
15396,81016,81066
12201,81067,81086
47478,81087,81125
39320,81126,81131
23090,81132,81189
467,81190,81295
6669,81296,81434
32619,81435,81440
14083,81441,81472
12765,81473,81491
38421,81492,81509
23719,81510,81577
47426,81578,81675
26911,81676,81876
16376,81877,81879
3531,81880,81886
26689,81887,81917
32606,81918,81935
40613,81936,82058
32034,82059,82095
47996,82096,82265
29060,82266,82339
3091,82340,82386
43916,82387,82401
30793,82402,82508
8621,82509,82535
33820,82536,82570
47822,82571,82682
3477,82683,82752
5359,82753,82787
48234,82788,82830
35680,82831,83020
14530,83021,83029
37417,83030,83058
22156,83059,83287
12049,83288,83351
44184,83352,83363
32580,83364,83452
48111,83453,83550
38833,83551,83594
28660,83595,83667
33721,83668,83787
3344,83788,84240
9420,84241,84249
45524,84250,84315
17298,84316,84348
26424,84349,84425
41127,84426,84580
21101,84581,84618
38306,84619,84697
10901,84698,84730
3167,84731,84770
16189,84771,84773
20557,84774,84978
21513,84979,85165
2299,85166,85190
36040,85191,85197
38819,85198,85261
37520,85262,85265
23140,85266,85276
5583,85277,85415
6661,85416,85455
2947,85456,85485
24258,85486,85588
14557,85589,85667
26261,85668,85679
21301,85680,85710
29301,85711,85809
24133,85810,86017
44789,86018,86314
22975,86315,86376
42967,86377,86406
28173,86407,86443
49242,86444,86475
40373,86476,86498
39454,86499,86708
24627,86709,86756
44314,86757,86808
36677,86809,86922
47678,86923,87031
15511,87032,87081
3015,87082,87121
17791,87122,87209
27803,87210,87263
38633,87264,87512
27195,87513,87626
25980,87627,87661
16160,87662,87703
4950,87704,87731
3594,87732,87757
42345,87758,88114
4400,88115,88137
2327,88138,88279
13284,88280,88392
32491,88393,88427
25405,88428,88449
4477,88450,88510
38179,88511,88641
7928,88642,88656
42739,88657,88682
39646,88683,88862
25193,88863,89030
13216,89031,89036
31956,89037,89044
27552,89045,89525
25451,89526,89604
43580,89605,89965
11748,89966,90750
22768,90751,90914
36676,90915,90963
288,90964,91178
8298,91179,91238
27152,91239,91264
14448,91265,91279
5885,91280,91304
46854,91305,91384
31388,91385,91420
18631,91421,91524
33432,91525,91539
10274,91540,91605
17275,91606,91619
32624,91620,91689
20288,91690,91705
5754,91706,91758
9339,91759,91823
30053,91824,91846
13414,91847,91893
48506,91894,92034
24114,92035,92067
40050,92068,92408
27733,92409,92449
20659,92450,92460
48735,92461,92549
39619,92550,92624
2468,92625,92740
11883,92741,92768
2453,92769,92817
16948,92818,92835
14490,92836,92836
25149,92837,92922
22459,92923,92963
6183,92964,93034
15592,93035,93241
41206,93242,93403
41394,93404,93454
33822,93455,93516
40339,93517,93585
41527,93586,93599
41994,93600,93615
23736,93616,93633
22310,93634,93649
48699,93650,93718
9337,93719,93754
43524,93755,93990
6336,93991,94058
41704,94059,94112
17299,94113,94118
49259,94119,94122
31268,94123,94267
17870,94268,94329
41885,94330,94375
32761,94376,94418
8066,94419,94486
13194,94487,94531
23843,94532,94540
31898,94541,94551
43169,94552,94700
24621,94701,94776
26310,94777,95061
16530,95062,95088
10315,95089,95252
44871,95253,95270
41136,95271,95292
1257,95293,95446
47537,95447,96094
25767,96095,96144
49458,96145,96145
21114,96146,96147
36883,96148,96239
30663,96240,96287
15886,96288,96299
16439,96300,96334
34503,96335,96568
22714,96569,96798
46875,96799,96842
33666,96843,96977
26930,96978,97019
37307,97020,97081
11330,97082,97173
15877,97174,97317
10843,97318,97374
12949,97375,97407
41892,97408,97424
28280,97425,97448
32101,97449,97538
16992,97539,97826
2716,97827,97856
31451,97857,98010
10515,98011,98139
38382,98140,98433
44220,98434,98948
12827,98949,98997
12698,98998,99042
10252,99043,99067
14327,99068,99085
15875,99086,99165
21779,99166,99372
49545,99373,100637
5993,100638,100649
31129,100650,100772
4034,100773,100851
43938,100852,100887
41512,100888,100891
48155,100892,100928
11853,100929,100970
12457,100971,101080
4018,101081,101323
32730,101324,101377
47213,101378,101831
37597,101832,101933
41225,101934,101959
28827,101960,101987
18208,101988,102006
1022,102007,102299
2615,102300,102312
5138,102313,102329
32919,102330,102681
12152,102682,102709
22566,102710,102719
48955,102720,102882
33783,102883,103069
29352,103070,103136
43891,103137,103152
48129,103153,103170
27451,103171,103204
35547,103205,103206
14755,103207,103244
7401,103245,103424
18750,103425,103515
43190,103516,103602
15799,103603,103651
21000,103652,103688
32833,103689,103727
44069,103728,103873
42567,103874,104003
26750,104004,104458
4961,104459,104851
33531,104852,104909
10436,104910,104951
36117,104952,105017
3652,105018,105045
1833,105046,105141
15344,105142,105164
1133,105165,105197
19932,105198,105664
42127,105665,105732
13653,105733,105772
28180,105773,105823
45624,105824,105921
14157,105922,105951
41821,105952,105966
33716,105967,105975
23550,105976,105984
38513,105985,105989
13308,105990,105994
965,105995,106039
47617,106040,106071
168,106072,106105
30881,106106,106107
30832,106108,106171
38579,106172,106188
17305,106189,106290
8106,106291,106376
51,106377,106660
7523,106661,106806
20307,106807,106857
26614,106858,106890
28149,106891,106933
2656,106934,107082
46584,107083,107141
43153,107142,107388
7077,107389,107421
38318,107422,107516
23576,107517,107554
2760,107555,107811
38208,107812,107856
37073,107857,107919
16118,107920,107924
8831,107925,108081
43300,108082,108178
25212,108179,108363
7699,108364,108500
46663,108501,108528
15733,108529,108551
31604,108552,108622
13925,108623,108738
29295,108739,108908
6640,108909,109014
164,109015,109187
35884,109188,109263
4627,109264,109265
33035,109266,109335
28898,109336,109491
46519,109492,109498
37122,109499,109863
43711,109864,110790
18760,110791,110890
42966,110891,111008
42230,111009,111436
39485,111437,111557
39719,111558,111674
40404,111675,111852
19153,111853,111877
23857,111878,112273
4273,112274,112815
44881,112816,112829
32846,112830,112853
9329,112854,112988
18731,112989,113008
47626,113009,113039
3309,113040,113064
40773,113065,113156
35876,113157,113395
4483,113396,113430
6356,113431,113545
18303,113546,113599
31850,113600,113605
8190,113606,113628
39385,113629,113711
9711,113712,113788
6151,113789,113830
6711,113831,113836
2704,113837,113902
3817,113903,114167
48688,114168,114207
44678,114208,114241
11487,114242,114327
48776,114328,114343
32020,114344,114391
45222,114392,114402
47841,114403,114475
37413,114476,114590
10417,114591,114666
29960,114667,114740
28185,114741,114743
37968,114744,114798
47675,114799,114840
14060,114841,114891
30355,114892,114903
41364,114904,115346
29299,115347,115392
33620,115393,115426
44377,115427,115654
11587,115655,115724
10615,115725,115791
41395,115792,115853
23976,115854,115951
17428,115952,116126
30945,116127,116350
18009,116351,116418
22606,116419,116548
13519,116549,116555
223,116556,116787
41979,116788,116795
49023,116796,116808
43850,116809,116860
10627,116861,117585
18144,117586,117590
9150,117591,117600
22637,117601,117716
4673,117717,117951
35870,117952,118043
12048,118044,118488
20342,118489,118623
23034,118624,118741
18454,118742,118784
19001,118785,118805
30047,118806,118815
19512,118816,118820
29700,118821,118890
31013,118891,118895
38288,118896,118941
46609,118942,118995
3135,118996,119080
10633,119081,119148
10810,119149,119168
12529,119169,119261
19662,119262,119300
1357,119301,119371
43462,119372,119404
19554,119405,119565
25541,119566,119588
10371,119589,119654
28832,119655,119668
3290,119669,119670
29426,119671,119673
2075,119676,119689
29674,119690,119916
39423,119917,120117
23311,120118,120165
22408,120166,120225
39064,120226,120252
20864,120253,120454
37455,120455,120489
47913,120490,120525
10082,120526,120746
40478,120747,120832
36448,120833,120843
4585,120844,120889
34718,120890,120981
24939,120982,121027
16876,121028,121061
42997,121062,121099
34883,121100,121151
29704,121152,121436
24702,121437,121496
36632,121497,121500
32214,121501,121514
32044,121515,121522
49654,121523,121627
16673,121628,121718
32140,121719,121848
31002,121849,121915
32369,121916,122022
19595,122023,122030
2186,122031,122254
28747,122255,122324
34747,122325,122443
38632,122444,122527
45927,122528,122711
49059,122712,122767
33166,122768,122934
18658,122935,123096
8678,123097,123098
41959,123099,123100
578,123101,123103
49129,123104,123121
48531,123122,123203
6665,123204,123276
20752,123277,123349
29027,123350,123380
30327,123381,123396
25229,123397,123477
44022,123478,123504
1071,123505,123517
25642,123518,123577
49916,123578,123615
953,123616,123663
28000,123664,123714
64,123715,123896
10380,123897,123960
41549,123961,124083
35725,124084,124318
26321,124319,124548
5658,124549,124676
1560,124677,124820
5626,124821,124845
19986,124846,124919
40816,124920,125012
6570,125013,125023
44225,125024,125106
9707,125107,125172
9724,125173,125202
9042,125203,125218
40669,125219,125225
19023,125226,125455
6448,125456,125572
6059,125573,125734
20206,125735,125784
4559,125785,125794
44368,125795,125950
38726,125951,126054
17615,126055,126163
4065,126164,126213
28573,126214,126245
24476,126246,126406
11874,126407,126476
24700,126477,126679
1493,126680,127598
35223,127599,127626
37197,127627,127663
5891,127664,127931
14013,127932,127976
48986,127977,128074
5783,128075,128076
14604,128077,128121
15957,128122,128195
29532,128196,128264
34319,128265,129200
45982,129201,129364
38134,129365,129543
44318,129544,129639
38812,129640,129748
35707,129749,129930
27737,129931,129969
21973,129970,130126
28323,130127,130166
33091,130167,130363
17604,130364,130382
12922,130383,130634
40871,130635,130728
45026,130729,130787
10448,130788,130822
10601,130823,130828
37687,130829,130867
4146,130868,130894
12256,130895,130941
30956,130942,131763
22508,131764,132077
28144,132078,132079
33255,132080,132204
26190,132205,132393
47032,132394,132523
29000,132524,132648
36243,132649,132654
10852,132655,132689
7548,132690,132777
44587,132778,132787
12585,132788,132819
24590,132820,132845
28186,132846,132862
15947,132863,132877
48619,132878,133207
5174,133208,133212
34420,133213,133239
16504,133240,133250
5387,133251,133295
20131,133296,133376
33078,133377,133543
27822,133544,133635
38916,133636,133739
44741,133740,133743
7280,133744,133956
42340,133957,134028
27675,134029,134143
5815,134144,134479
44821,134480,134553
34301,134554,134622
12615,134623,135121
25907,135122,135322
14782,135323,135545
1575,135546,135595
11989,135596,135634
29974,135635,135639
21955,135640,135831
44063,135832,135866
4753,135867,136259
30977,136260,136358
21495,136359,136422
30495,136423,136491
7351,136492,137058
36585,137059,137102
713,137103,137357
43327,137358,137529
41847,137530,137647
28096,137648,139005
34218,139006,139033
7757,139034,139228
37610,139229,139251
17643,139252,139315
13938,139316,139330
45989,139331,139379
43459,139380,139596
9551,139597,139829
34655,139830,139969
44449,139970,140035
25899,140036,140170
29774,140171,140212
37445,140213,140259
33465,140260,140406
2146,140407,140577
11836,140578,140584
36238,140585,140652
4139,140653,140659
38509,140660,140717
4368,140718,141047
22283,141048,141122
8223,141123,141159
45521,141160,141177
38265,141178,141246
19117,141247,141250
31113,141251,141256
36198,141257,141308
14078,141309,141328
23282,141329,141424
20030,141425,141584
27579,141585,141761
2278,141762,141915
37823,141916,142536
7503,142537,142606
46535,142607,142694
15732,142695,142752
1492,142753,142802
37507,142803,142908
39189,142909,142923
27588,142924,142973
18021,142974,143085
38836,143086,143362
13038,143363,143423
18662,143424,143475
20866,143476,143510
48658,143511,143560
711,143561,144169
17847,144170,144293
32918,144294,144344
46668,144345,144502
45738,144503,144529
14941,144530,144546
32699,144547,144606
3569,144607,144726
32492,144727,144761
10772,144762,144814
49951,144815,144837
11033,144838,144960
18937,144961,144976
43326,144977,145211
43773,145212,145271
47081,145272,145324
4103,145325,145534
39871,145535,145560
43180,145561,145571
40224,145572,145654
24595,145655,145745
35922,145746,145781
20984,145782,145907
12453,145908,147260
33528,147261,147423
45494,147424,147589
48898,147590,147722
19342,147723,147813
33954,147814,147900
46399,147901,147936
46076,147937,147984
19997,147985,148006
2352,148007,148112
15087,148113,148229
3941,148230,148237
29344,148238,148317
31186,148318,148384
17530,148385,148410
36979,148411,148469
20754,148470,148486
33797,148487,148542
5089,148543,148584
20493,148585,148662
2141,148663,148699
24867,148700,149040
25592,149041,149225
30056,149226,149229
18446,149230,149239
18166,149240,149274
36204,149275,149469
34874,149470,149516
1809,149517,149660
19617,149661,149822
22891,149823,149860
22679,149861,149999
37366,150000,150136
41460,150137,150332
1940,150333,150373
22924,150374,150468
39950,150469,150488
39124,150489,150576
17313,150577,150685
22066,150686,150784
12238,150785,150869
33945,150870,150978
9007,150979,150995
29193,150996,151009
19893,151010,151040
32826,151041,151090
21139,151091,151115
23357,151116,151195
23354,151196,151240
15358,151241,151276
6312,151277,151307
19211,151308,151343
22015,151344,151417
24067,151418,151576
49865,151577,151732
3058,151733,151796
35758,151797,151830
26480,151831,151928
37505,151929,152038
35105,152039,152102
15247,152103,152198
5472,152199,152359
8759,152360,152419
7321,152420,152445
14672,152446,152665
18091,152667,152761
40674,152762,152822
27376,152823,152908
47973,152909,152987
15657,152988,153023
8412,153024,153120
42550,153121,153292
34258,153293,153423
30357,153424,153442
4834,153443,153459
27263,153460,153493
36315,153494,153502
3611,153503,153696
23161,153697,153714
44108,153715,153756
44923,153757,153851
31974,153852,153872
48022,153873,154091
1733,154092,154185
29809,154186,154946
37115,154947,155040
44996,155041,155096
8523,155097,155231
48131,155232,155655
21683,155656,155667
33017,155668,155702
14390,155703,155807
49593,155808,155853
32639,155854,155862
40803,155863,155936
5900,155937,155999
34478,156000,156117
13297,156118,156189
39368,156190,157074
42367,157075,157118
47569,157119,157195
11442,157196,157202
13409,157203,157372
48297,157373,157672
45506,157673,157812
41860,157813,158111
18139,158112,158141
27660,158142,158167
9239,158168,158228
30117,158229,158258
34171,158259,158427
45454,158428,158478
15025,158479,158720
33586,158721,158989
8211,158990,159059
27771,159060,159109
27531,159110,159136
13769,159137,159179
10402,159180,159378
15326,159379,159583
25949,159584,159632
47503,159633,159792
14909,159793,159830
47022,159831,159939
1429,159940,160007
25496,160008,160061
41648,160062,160136
9294,160137,160238
36991,160239,160318
39902,160319,160462
7331,160463,160521
19089,160522,160582
20230,160583,160884
46677,160885,160930
25542,160931,161048
36411,161049,161236
37103,161237,161282
14586,161283,161338
2605,161339,161452
22866,161453,161676
15306,161677,161698
19457,161699,161900
8317,161901,161955
26526,161956,162758
11157,162759,162783
39789,162784,162899
45597,162900,162964
17059,162965,163182
7805,163183,163238
48193,163239,163254
633,163255,163320
26147,163321,163398
43304,163399,164143
36808,164144,164214
23802,164215,164272
42017,164273,164441
14769,164442,164770
45565,164771,164780
15089,164781,164951
36859,164952,165420
30038,165421,165888
29224,165889,165968
33481,165969,166157
3010,166158,166297
15290,166298,166386
11316,166387,166489
16442,166490,166751
14848,166752,166863
45887,166864,166940
36353,166941,167042
11592,167043,167167
24592,167168,167168
44113,167169,167207
43320,167208,167245
5425,167246,167804
38035,167805,167881
35850,167882,167949
47162,167950,168009
2237,168010,168060
46628,168061,168244
3412,168245,168301
29964,168302,168357
44189,168358,168424
35699,168425,168571
24947,168572,168584
12666,168585,168814
33687,168815,168904
17948,168905,168911
2941,168912,168963
5022,168964,168966
25488,168967,169026
3352,169027,169061
1277,169062,171255
19599,171256,171345
17974,171346,171382
43613,171383,171507
41113,171508,171530
33571,171531,171558
13367,171559,171638
28069,171639,171753
40564,171754,171768
23281,171769,172029
31712,172030,172053
25662,172054,172095
29994,172096,172194
47264,172195,172233
41927,172234,172331
28126,172332,172374
29780,172375,172494
21703,172495,172761
22047,172762,172828
1463,172829,172842
2535,172843,173289
45146,173290,173322
19566,173323,173468
42913,173469,173578
41286,173579,173659
39577,173660,173758
11352,173759,173807
7028,173808,173812
8846,173813,173828
46375,173829,174010
253,174011,174037
41408,174038,174049
43090,174050,174062
6061,174063,174074
10357,174075,174294
44622,174295,174325
19682,174326,174604
17245,174605,174638
17757,174639,174648
7210,174649,174711
23207,174712,174725
47745,174726,174830
46955,174831,174928
43463,174929,174981
12782,174982,174997
43434,174998,175081
17386,175082,175120
33849,175121,175203
29083,175204,175408
27991,175409,175522
23595,175523,175540
31753,175541,175553
35908,175554,175766
46704,175767,175916
37677,175917,175966
48257,175967,176034
35860,176035,176074
25609,176075,176103
39080,176104,176206
27996,176207,176269
12435,176270,176629
42323,176630,176867
32137,176868,176951
256,176952,177043
1401,177044,177081
15753,177082,177427
3590,177428,177473
48838,177474,177598
29184,177599,177639
458,177640,178045
38771,178046,178052
35229,178053,178123
16029,178124,178140
33213,178141,178250
37557,178251,178294
3892,178295,178592
26194,178593,178741
7634,178742,178862
47272,178863,178869
44973,178870,178874
25719,178875,178876
44412,178877,178890
9985,178891,179034
7198,179035,179159
44034,179160,179317
24840,179318,179321
21595,179322,179323
6969,179324,179380
25901,179381,179453
42099,179454,179776
39448,179777,179838
28920,179839,179841
37720,179842,179924
48437,179925,179982
32301,179983,180156
35771,180157,180424
6152,180425,180467
12917,180468,180557
31513,180558,180635
9110,180636,180663
35196,180664,180720
38805,180721,180882
33306,180883,180927
2191,180928,180954
41891,180955,181199
1990,181200,181222
17075,181223,181302
39208,181303,181320
45733,181321,181558
24869,181559,181691
16046,181692,181729
29264,181730,182129
44651,182130,182161
35517,182162,182193
15793,182194,182326
34161,182327,182377
21066,182378,182449
40054,182450,182563
41801,182564,183102
4112,183103,183458
26399,183459,183534
16810,183535,183605
10381,183606,183784
16508,183785,183952
39861,183953,183973
24035,183974,184036
32465,184037,184203
24579,184204,184542
31713,184543,184986
24016,184987,184987
48130,184988,185003
46856,185004,185017
27385,185018,185086
43158,185087,185242
31558,185243,185330
3042,185331,185346
32986,185347,185496
39129,185497,185609
42763,185610,185619
32126,185620,185755
2694,185756,185817
18404,185818,185861
29419,185862,185909
9114,185910,185913
12317,185914,185939
44530,185940,186052
39913,186053,186118
21859,186119,186212
8933,186213,186362
8480,186363,186522
14243,186523,186638
45976,186639,186859
16933,186860,186881
10502,186882,187411
21313,187412,187479
41687,187480,187759
26870,187760,187791
49714,187792,187888
7348,187889,187924
48077,187925,188007
34062,188008,188054
46191,188055,188262
31672,188263,188330
48325,188331,188345
24686,188346,188353
29728,188354,188458
44526,188459,188483
6357,188484,188507
30420,188508,188513
44167,188514,188632
34402,188633,188730
12382,188731,188774
46805,188775,188801
49183,188802,188877
43102,188878,188928
23642,188929,188947
2810,188948,189145
34813,189146,189181
18219,189182,189293
4319,189294,189334
26503,189335,189375
20325,189376,189458
788,189459,189500
47602,189501,189508
15094,189509,189526
379,189527,189561
32780,189562,189618
42737,189619,189696
44894,189697,189709
11279,189710,189730
3786,189731,189746
28647,189747,189822
29174,189823,189958
46146,189959,190048
36764,190049,190207
31270,190208,190353
35103,190354,190405
22940,190406,190416
17587,190417,190716
46316,190717,190743
2644,190744,190816
2455,190817,190851
21484,190852,190905
24745,190906,191018
13371,191019,191054
31303,191055,191142
48636,191143,191340
18757,191341,191695
31809,191696,191757
26859,191758,192031
34336,192032,192695
14956,192696,192708
1477,192709,192807
9125,192808,192858
28297,192859,192884
48138,192885,192928
26647,192929,193036
28258,193037,193048
41053,193049,193070
38055,193071,193130
2331,193131,193303
7977,193304,193349
46620,193350,193453
33028,193454,193618
7318,193619,193882
39613,193883,194260
3119,194261,194446
24154,194447,194556
402,194557,194569
7499,194570,194589
3129,194590,194719
31829,194720,194731
8033,194732,194999
22684,195000,195026
34557,195027,195058
37787,195059,195085
28015,195086,195089
12598,195090,195111
1476,195112,195209
4854,195210,195268
39953,195269,195308
39376,195309,195447
24691,195448,195550
31599,195551,195659
48150,195660,195782
20378,195783,195835
33323,195836,196111
1921,196112,196288
12483,196289,196465
37863,196466,196514
41175,196515,196864
4184,196865,196890
37910,196891,197008
43260,197009,197445
43716,197446,197539
28526,197540,197609
45764,197610,197701
4372,197702,197836
33747,197837,197849
35704,197850,197889
26291,197890,197926
10886,197927,197957
27100,197958,198271
48434,198272,198430
16344,198431,198474
42315,198475,198575
43680,198576,198576
24006,198577,198681
2668,198682,198703
48680,198704,198916
3537,198917,198949
11774,198950,198980
17972,198981,199002
22951,199003,199082
24969,199083,199261
33804,199262,199293
15120,199294,199439
2372,199440,199455
18873,199456,199495
27384,199496,199570
33010,199571,199610
28734,199611,199613
29568,199614,199638
46925,199639,202018
3911,202019,202074
40829,202075,202208
44728,202209,202369
47135,202370,202516
45520,202517,202537
19793,202538,202610
47325,202611,202650
32009,202651,202675
15355,202676,202727
8967,202728,202925
41767,202926,203128
48763,203129,203785
15581,203786,203822
36029,203823,203954
16555,203955,204103
13063,204104,204121
7484,204122,204129
42313,204130,204182
31352,204183,204571
46700,204572,204582
18273,204583,204726
46772,204727,204741
13381,204742,204753
35767,204754,204756
29990,204757,204788
15855,204789,204852
35379,204853,204916
12430,204917,205184
6741,205185,205352
10623,205353,205400
24769,205401,205552
41037,205553,205890
1350,205891,205952
28491,205953,206024
5550,206025,206040
12539,206041,206072
1695,206073,206117
27819,206118,206191
40647,206192,206398
47766,206399,206429
26746,206430,206829
3443,206830,207126
1478,207127,207253
22567,207254,207283
5757,207284,207485
16121,207486,207625
13707,207626,207672
40233,207673,207691
43369,207692,207751
2636,207752,207752
26835,207753,207775
19360,207776,207784
31517,207785,207839
12337,207840,207908
38963,207909,207944
11038,207945,208101
6345,208102,208468
39580,208469,208503
9310,208504,208654
2848,208655,208801
37662,208802,209128
35554,209129,209196
33997,209197,209252
15745,209253,209310
49559,209311,209517
23129,209518,209525
4029,209526,209589
2985,209590,209634
48529,209635,209641
37031,209642,209676
29160,209677,209810
42420,209811,210184
31985,210185,210304
21613,210305,210706
19678,210707,210740
10962,210741,210769
16630,210770,211069
11578,211070,211101
8122,211102,211152
4505,211153,211214
49404,211215,211335
13270,211336,211338
1392,211339,211414
17951,211415,211421
14031,211422,211439
21573,211440,211478
17540,211479,211548
41109,211549,211669
9019,211670,211671
29320,211672,211683
9835,211684,211936
9048,211937,212001
35726,212002,212033
12130,212034,212134
33164,212135,212229
43302,212230,212416
35347,212417,212509
31876,212510,212556
24356,212557,212671
4406,212672,212721
25513,212722,212853
12864,212854,212917
49007,212918,213023
32459,213024,213356
19593,213357,213594
45792,213595,213662
38441,213663,213702
5331,213703,213720
44039,213721,213732
23919,213733,213943
29339,213944,213946
11751,213947,214191
2441,214192,214332
16940,214333,215004
26798,215005,215461
23115,215462,215714
41794,215715,215925
47723,215926,216079
5794,216080,216098
48922,216099,216287
25845,216288,216332
19649,216333,216407
6778,216408,216616
38175,216617,216787
17660,216788,216859
16156,216860,216862
33560,216863,216906
7012,216907,217110
16207,217111,217217
28524,217218,217450
28142,217451,217575
41079,217576,217614
17943,217615,217679
12209,217680,217751
13762,217752,217756
47419,217757,217818
35839,217819,217861
11658,217862,217941
37580,217942,218034
8356,218035,218042
8928,218043,218061
41087,218062,218097
32942,218098,218184
5482,218185,218220
5683,218221,218299
10236,218300,218307
44869,218308,218326
31308,218327,218710
4404,218711,218762
49017,218763,218989
39195,218990,219405
31930,219406,219478
46837,219479,219496
46710,219497,219515
46215,219516,219620
34592,219621,219791
1469,219792,219877
2412,219878,219984
1689,219985,220051
24887,220052,220124
48959,220125,220154
39714,220155,220169
32344,220170,220266
22602,220267,220379
38124,220380,220397
17857,220398,220502
4051,220503,220608
9006,220609,220636
31258,220637,220791
40588,220792,220862
36346,220863,220892
14247,220893,220998
45270,220999,221307
16797,221308,222025
21028,222026,222094
42825,222095,222417
34359,222418,222495
8750,222496,222499
26436,222500,222512
43953,222513,222567
29670,222568,222581
22746,222582,222653
16521,222654,222800
33639,222801,222913
46381,222914,222948
30258,222949,223215
21072,223216,223351
33864,223352,223666
10215,223667,223683
30869,223684,223784
23882,223785,223825
42294,223826,223914
28670,223915,224210
24250,224211,224237
49298,224238,224309
4871,224310,224384
38383,224385,224458
11251,224459,225961
10003,225962,225979
14456,225980,226009
46384,226010,226098
34415,226099,226171
22027,226172,226299
45200,226300,226400
17680,226401,226497
24162,226498,226560
7281,226561,226566
19468,226567,226569
2979,226570,226575
1369,226576,226699
25576,226700,226821
21083,226822,226855
25599,226856,226908
49332,226909,226921
34857,226922,226924
26440,226925,227001
34318,227002,227085
30888,227086,227132
40766,227133,227153
23910,227154,227175
21240,227176,227247
21253,227248,227305
35875,227306,227346
15660,227347,227369
16865,227370,227507
37510,227508,227508
31887,227509,227623
38136,227624,227700
10397,227701,227954
20453,227955,228101
24689,228102,228284
15829,228285,228538
22820,228539,228692
49981,228693,228768
24080,228769,228973
16506,228974,229033
34963,229034,229066
17472,229067,229195
3622,229196,229388
6040,229389,229622
22237,229623,229643
46338,229644,230128
46477,230129,230202
20289,230203,230241
17202,230242,230359
42090,230360,230424
46436,230425,230473
45878,230474,230496
8569,230497,230559
44232,230560,230574
40124,230575,230606
29908,230607,230607
21522,230608,230646
45513,230647,230772
38244,230773,230818
15989,230819,230846
44334,230847,230868
34487,230869,230879
31745,230880,230880
21920,230881,230904
10293,230905,231183
7635,231184,231227
36855,231228,231256
45352,231257,231301
43315,231302,231450
13506,231451,231478
14803,231479,231642
8048,231643,231785
27298,231786,231873
32844,231874,231968
39963,231969,232009
5267,232010,232317
11362,232318,232363
7364,232364,232443
43453,232444,232472
29732,232473,232814
31571,232815,232880
8054,232881,232940
30562,232941,233008
49076,233009,233126
16367,233127,233197
14261,233198,233220
14703,233221,233336
30282,233337,233404
1988,233405,233557
8780,233558,233611
33983,233612,233662
21519,233663,233693
49494,233694,233752
15905,233753,233784
28148,233785,233792
19724,233793,234046
40797,234047,234079
9255,234080,234236
39496,234237,234307
20685,234308,234308
5343,234309,234391
14534,234392,234422
39495,234423,234423
27703,234424,234492
31922,234493,234550
40627,234551,234589
11165,234590,234632
15621,234633,234675
18376,234676,234827
1039,234828,235367
12077,235368,235427
43238,235428,235530
12931,235531,235717
43542,235718,235868
40393,235869,236220
37062,236221,236858
16882,236859,237274
25705,237275,239722
18295,239723,239759
8637,239760,239815
15742,239816,239873
7712,239874,240235
47906,240236,240351
39062,240352,240438
6578,240439,240653
40899,240654,240840
30108,240841,240868
47368,240869,240984
37960,240985,241015
3797,241016,241173
41832,241174,241511
9256,241512,241577
3668,241578,241609
36990,241610,241647
12148,241648,241784
14301,241785,241889
25025,241890,242050
1501,242051,242132
44907,242133,242279
42328,242280,242327
40540,242328,242383
42861,242384,242658
7546,242659,242729
10331,242730,242784
16446,242785,242852
29711,242853,242927
33488,242928,242996
5239,242997,243280
30576,243281,243332
45880,243333,243537
7430,243538,243589
427,243590,243616
4942,243617,243748
8809,243749,243823
29647,243824,243921
36907,243922,244094
38413,244095,244250
10564,244251,244337
878,244338,244529
18535,244530,244716
34123,244717,244928
12186,244929,245031
45391,245032,246039
6950,246040,246103
7386,246104,246318
6462,246319,246933
7708,246934,246965
28735,246966,247110
43141,247111,247238
37381,247239,247372
30349,247373,247393
32282,247394,247431
38893,247432,247769
14236,247770,247843
45801,247844,248051
47112,248052,248224
566,248225,248231
8116,248232,248240
3007,248241,248489
40286,248490,248920
11890,248921,249200
2379,249201,249206
43350,249207,249323
30520,249324,249365
7514,249366,249434
20615,249435,249456
22882,249457,249488
12025,249489,249498
43766,249499,249516
39718,249517,249656
49950,249657,250470
12119,250471,250616
13098,250617,250974
11929,250975,251055
1238,251056,251063
7275,251064,251199
6569,251200,251294
25871,251295,251367
42193,251368,251685
41796,251686,251688
21396,251689,251693
28064,251694,251710
14058,251711,251769
21062,251770,252038
14116,252039,252176
26545,252177,252246
8676,252247,252308
26724,252309,252325
43436,252326,252381
45428,252382,252577
1895,252578,252639
3838,252640,252661
29886,252662,253124
35042,253125,253285
37845,253286,253338
12721,253339,253351
28780,253352,253502
5304,253503,253563
21832,253564,253778
1755,253779,254088
772,254089,254176
18460,254177,254229
9263,254230,254303
45085,254304,254431
21312,254432,254505
42665,254506,254544
43142,254545,254560
17197,254561,254569
11827,254570,254582
9036,254583,254862
1821,254863,254925
36838,254926,254955
28979,254956,255060
47339,255061,255068
22707,255069,255123
1714,255124,255341
331,255342,255496
30551,255497,255777
8198,255778,255862
44972,255863,255933
10483,255934,256196
29229,256197,256276
26358,256277,256525
31514,256526,256545
42115,256546,256651
33395,256652,256735
30600,256736,256870
5309,256871,257017
35384,257018,257042
36913,257043,257250
43529,257251,257433
38938,257434,257539
28453,257540,257816
20320,257817,257820
13031,257821,257845
1411,257846,257860
35602,257861,257870
10457,257871,257874
27827,257875,257897
18254,257898,257929
41546,257930,258224
3033,258225,258378
34383,258379,258437
31174,258438,258531
19263,258532,258602
31160,258603,258643
49861,258644,258673
30773,258674,258775
15814,258776,258892
14489,258893,258982
26925,258983,259011
2942,259012,259070
14033,259071,259082
1473,259083,259095
48873,259096,259267
1856,259268,259334
450,259335,259414
2635,259415,259561
10155,259562,259656
43375,259657,259695
654,259696,259737
2380,259738,259858
29501,259859,260098
48462,260099,260101
9516,260102,260194
37224,260195,260235
13801,260236,260276
23928,260277,260300
29866,260301,260432
19094,260433,260485
12091,260486,260513
15232,260514,260526
18918,260527,260582
6180,260583,260595
7596,260596,261139
26258,261140,261348
23744,261349,261458
207,261459,261498
47781,261499,261664
30208,261665,261754
49610,261755,261973
8910,261974,262064
15785,262065,262121
24415,262122,262156
33050,262157,262226
8668,262227,262245
23611,262246,262310
25230,262311,262543
22152,262544,262566
27444,262567,262692
7132,262693,262738
6632,262739,263503
25068,263504,263676
47743,263677,263847
41563,263848,263943
29658,263944,263961
21756,263962,264010
23557,264011,264013
18090,264014,264021
30188,264022,264041
32046,264042,264198
34662,264199,264391
47424,264392,264517
24570,264518,264650
24784,264651,264746
23798,264747,264779
6643,264780,265162
35178,265163,265356
37916,265357,265465
35263,265466,265740
36653,265741,265823
9386,265824,265854
3875,265855,265961
32205,265962,266036
30692,266037,266117
44473,266118,266160
44540,266161,266183
18049,266184,266399
47871,266400,266565
17449,266566,266801
6655,266802,266909
38668,266910,267009
45726,267010,267036
24157,267037,267169
32746,267170,267208
27511,267209,267265
11659,267266,267310
3860,267311,267431
24480,267432,267471
22155,267472,267717
18740,267718,267735
29055,267736,267888
177,267889,267927
10265,267928,268010
35017,268011,268215
41026,268216,268702
39527,268703,268712
26240,268713,268896
35863,268897,268913
32280,268914,268968
36322,268969,269297
42572,269298,269527
33810,269528,269648
5551,269649,270160
17581,270161,270354
7459,270355,270362
48085,270363,270680
42199,270681,270754
11233,270755,270786
45118,270787,270866
22145,270867,271014
49003,271015,271191
6562,271192,271274
13420,271275,271356
35505,271357,271378
16176,271379,271469
39148,271470,271691
28179,271692,271802
30295,271803,271826
30573,271827,273254
41090,273255,273321
6218,273322,273852
48695,273853,273948
14942,273949,273990
44525,273991,274007
29128,274008,274252
16499,274253,274426
27890,274427,274495
20687,274496,274680
26632,274681,275286
15168,275287,275608
28612,275609,275744
7702,275745,275803
10345,275804,275846
17002,275847,275889
20224,275890,275970
41738,275971,275974
10533,275975,275989
35289,275990,276007
8468,276008,276231
11160,276232,276260
25253,276261,276409
13582,276410,276654
32956,276655,276686
40693,276687,276814
43697,276815,276846
21685,276847,276866
1527,276867,276879
9642,276880,277033
34788,277034,277078
20076,277079,277107
39976,277108,277114
10543,277115,277347
13048,277348,277441
32798,277442,277517
46581,277518,277672
14953,277673,277781
42134,277782,277831
17352,277832,277892
31529,277893,278136
22139,278137,278746
39406,278747,278818
6727,278819,278878
9438,278879,278897
31648,278898,278973
40170,278974,278991
48792,278992,279133
46638,279134,279227
23135,279228,279367
26253,279368,279431
40596,279432,279645
19588,279646,279887
37406,279888,280041
48872,280042,280082
40807,280083,280152
1666,280153,280232
7419,280233,280269
19902,280270,280303
8083,280304,280491
20490,280492,280618
8576,280619,280831
25934,280832,280964
24527,280965,280983
13291,280984,280995
1341,280996,281019
25282,281020,281047
39428,281048,281093
30032,281094,281095
10095,281096,281194
29293,281195,281277
42459,281278,281317
39717,281318,281367
2158,281368,281434
31952,281435,281508
48126,281509,281586
29945,281587,281773
23660,281774,281814
35945,281815,281849
45573,281850,282097
33752,282098,282241
8649,282242,282249
12611,282250,282355
8716,282356,282525
41187,282526,282618
889,282619,282659
43248,282660,282864
1871,282865,282869
11096,282870,282960
48390,282961,283025
10213,283026,283044
619,283045,283081
5191,283082,283173
21326,283174,283345
14426,283346,283502
17825,283503,283559
12326,283560,283603
8488,283604,283651
44386,283652,283690
43569,283691,283716
7567,283717,283782
19193,283783,283944
13768,283945,283986
36642,283987,284150
28023,284151,284231
3738,284232,284306
46192,284307,284368
215,284369,284421
14077,284422,284425
25894,284426,284503
47651,284504,284557
30547,284558,284593
22437,284594,284686
47374,284687,284702
29246,284703,284716
31580,284717,284805
48360,284806,284868
19073,284869,284946
33417,284947,285018
12124,285019,285115
36960,285116,285159
18383,285160,285170
23364,285171,285692
21356,285693,285804
42680,285805,285891
29367,285892,285907
10451,285908,285913
17367,285914,285957
11667,285958,286054
23840,286055,286356
7418,286357,286583
2418,286584,286694
18853,286695,287421
44498,287422,287537
27582,287538,287623
22969,287624,287677
37429,287678,288210
40327,288211,288577
13834,288578,288847
13200,288848,289030
45977,289031,289165
37998,289166,289204
36488,289205,289379
31007,289380,289402
42609,289403,289546
31247,289547,289747
20523,289748,289770
33886,289771,289777
48459,289778,289778
28447,289779,289785
14318,289786,289842
15405,289843,290030
14529,290031,290106
17939,290107,290146
6556,290147,290340
27672,290341,290393
9184,290394,290606
35336,290607,290700
40572,290701,290827
34976,290828,290938
29530,290939,291270
17090,291271,291353
35626,291354,291691
16372,291692,291724
33107,291725,291805
19283,291806,291870
17010,291871,291939
28567,291940,291994
3759,291995,292147
17196,292148,292401
7615,292402,292443
39000,292444,292494
45149,292495,292512
36780,292513,292690
21379,292691,292735
24714,292736,292821
14447,292822,292950
11780,292951,293073
49054,293074,293162
23347,293163,293234
45743,293235,293245
35391,293246,293293
42528,293294,293353
37116,293354,293513
35001,293514,293630
47082,293631,294529
43549,294530,295080
31423,295081,295178
46672,295179,295387
32562,295388,295415
9088,295416,295522
47810,295523,295598
7861,295599,295607
28375,295608,295745
14533,295746,296220
42262,296221,296319
33867,296320,296498
1467,296499,296539
19586,296540,296668
32905,296669,296757
33243,296758,296934
6156,296935,296993
48346,296994,297166
1841,297167,297375
24742,297376,297503
29550,297504,297557
1161,297558,297764
12242,297765,298020
6249,298021,298119
32070,298120,298123
37714,298124,298188
24655,298189,298505
9012,298506,298701
38597,298702,298763
48399,298764,298816
45430,298817,298913
35495,298914,299025
19900,299026,299079
24076,299080,299197
3053,299198,299207
30710,299208,299307
18960,299308,299417
36020,299418,299503
43612,299504,299530
22238,299531,299537
5850,299538,299624
29626,299625,299729
24202,299730,300758
21157,300759,300955
22657,300956,301358
48397,301359,301370
43976,301371,301521
40036,301522,302549
42543,302550,302605
23240,302606,302608
33046,302609,302629
26367,302630,302908
18330,302909,302970
8772,302971,303095
25813,303096,303126
44186,303127,303247
10323,303248,303400
7010,303401,303508
20697,303509,303525
34644,303526,303533
46675,303534,304256
49050,304257,304304
33001,304305,304473
42599,304474,304667
11873,304668,304840
42629,304841,304862
9994,304863,304958
11831,304959,305015
37877,305016,305147
3698,305148,305173
39959,305174,305198
820,305199,305547
9730,305548,305563
47947,305564,305654
28636,305655,305867
26883,305868,305903
16928,305904,305979
19172,305980,306019
33504,306020,306359
33605,306360,306421
7886,306422,306447
38170,306448,307159
29637,307160,307298
7810,307299,307515
13480,307516,307921
26319,307922,308112
11756,308113,308282
29863,308283,308542
42310,308543,308688
33566,308689,308952
24966,308953,309184
49156,309185,309430
15410,309431,309554
25411,309555,309588
44663,309589,309669
6603,309670,309884
18724,309885,310057
19715,310058,310126
25895,310127,310223
23033,310224,310314
4440,310315,310351
16271,310352,310450
5863,310451,310721
23506,310722,311080
42803,311081,311168
24848,311169,311250
27379,311251,311309
15825,311310,311370
29883,311371,311493
44310,311494,311584
38460,311585,311699
15518,311700,311734
42809,311735,311819
31954,311820,311863
26972,311864,311936
46682,311937,312071
5719,312072,312148
2538,312149,312392
23720,312393,312469
20563,312470,312638
39183,312639,312657
37926,312658,312709
40391,312710,312767
33443,312768,312797
32309,312798,312986
22967,312987,313584
40052,313585,313600
44499,313601,313643
47652,313644,313745
1396,313746,313934
4448,313935,313986
15297,313987,314025
38176,314026,314177
34160,314178,314271
38667,314272,314454
36539,314455,314485
15961,314486,314495
43362,314496,314680
12418,314681,315536
11376,315537,315562
43725,315563,315583
45789,315584,315757
35855,315758,316177
14861,316178,316337
35302,316338,316477
21248,316478,316900
36168,316901,316937
4467,316938,316989
26616,316990,317455
48377,317456,317508
25051,317509,318135
3677,318136,318221
16981,318222,318329
36680,318330,318335
21176,318336,318412
31940,318413,318471
2190,318472,318508
27940,318509,318566
33238,318567,319282
18331,319283,320075
19607,320076,320229
23789,320230,320255
13021,320256,320693
28172,320694,320877
13434,320878,320989
9808,320990,322067
14976,322068,322120
7415,322121,322176
18870,322177,322224
48957,322225,322249
1403,322250,322338
22838,322339,322462
2478,322463,322548
38544,322549,322583
10685,322584,322640
6230,322641,322696
39390,322697,322811
6856,322812,322912
29427,322913,322936
23656,322943,323248
23606,323249,323590
34377,323591,323709
14062,323710,323780
29763,323781,324075
49094,324076,324354
369,324355,324671
13310,324672,324712
10569,324713,324812
531,324813,324967
25581,324968,325043
18050,325044,325067
9414,325068,325073
1700,325074,325675
9787,325676,325832
18484,325833,325951
7672,325952,326027
49461,326028,326065
32120,326066,326173
1947,326174,326240
24475,326241,326336
28273,326337,326546
1765,326547,326905
21378,326906,327092
6971,327093,327164
14506,327165,327246
19293,327247,327283
10761,327284,327407
43397,327408,327460
1522,327461,327478
31147,327479,327598
11391,327599,327793
4547,327794,328257
28767,328258,328356
33259,328357,328485
8533,328486,328560
32518,328561,328632
26285,328633,328768
7487,328769,328929
25972,328930,329003
4344,329004,329324
47141,329325,329604
41418,329605,329729
12191,329730,330120
49765,330121,330334
48989,330335,330404
32679,330405,330568
13867,330569,330637
45978,330638,331095
15463,331096,331150
7888,331151,331158
3516,331159,331196
26305,331197,331246
12897,331247,331315
32317,331316,331467
16719,331468,331610
39672,331611,331715
15769,331716,331796
4521,331797,332260
34496,332261,332373
5598,332374,332421
31407,332422,332846
19690,332847,332873
30751,332874,333092
42598,333093,333148
28534,333149,333273
4789,333274,333312
26789,333313,333641
11465,333642,333664
47892,333665,334421
15548,334422,334549
35868,334550,334606
25995,334607,334630
2205,334631,334855
21514,334856,335279
36823,335280,335286
16654,335287,335467
25966,335468,335543
40775,335544,335604
28768,335605,335688
19727,335689,335777
15310,335778,335878
33357,335879,335908
28578,335909,335961
1746,335962,335982
33880,335983,336472
34891,336473,336538
10967,336539,336879
1909,336880,337001
20859,337002,337146
15027,337147,337358
6494,337359,337666
49460,337667,337893
39489,337894,337999
15586,338000,338083
17210,338084,338215
34220,338216,338322
26771,338323,338375
48591,338376,338411
33982,338412,338927
14320,338928,339026
25715,339027,339056
37700,339057,339111
5088,339112,339280
32307,339281,339286
37533,339287,339435
4606,339436,339505
3548,339506,339593
13128,339594,339594
15731,339595,339659
34329,339660,339661
33030,339662,339680
30662,339681,339692
26072,339693,339853
44236,339854,339872
23819,339873,339950
48895,339951,340632
44657,340633,340666
10612,340667,341232
15950,341233,341601
41524,341602,341745
27266,341746,341827
44290,341828,343279
19842,343280,343427
15895,343428,343432
40805,343433,343435
10795,343436,343516
9487,343517,343901
44718,343902,343954
32399,343955,344004
9115,344005,344346
5456,344347,344446
43783,344447,344514
44992,344515,344542
10841,344543,344625
4588,344626,344641
19843,344642,344697
11644,344698,344713
8787,344714,344839
35491,344840,344852
7436,344853,345200
8873,345201,345203
7404,345204,345224
40592,345225,345230
22752,345231,345408
4309,345409,345681
25127,345682,345752
25259,345753,345841
21403,345842,345999
33653,346000,346101
28536,346102,346155
46993,346156,346308
43278,346309,346427
38331,346428,346753
35292,346754,347382
9419,347383,347601
36569,347602,348301
19024,348302,348670
4256,348671,348753
40999,348754,348782
3928,348783,348843
35823,348844,348916
7952,348917,348952
12956,348953,349446
17008,349447,349544
26473,349545,350804
28693,350805,350830
37399,350831,350868
28769,350869,350964
38153,350965,351204
47444,351205,351307
39405,351308,351400
21525,351401,351434
18406,351435,351561
35668,351562,351841
16357,351842,351924
27718,351925,351998
31965,351999,352067
16043,352068,352075
31687,352076,352103
36435,352104,352378
15401,352379,352387
34875,352388,352429
5803,352430,352653
21243,352654,352884
47142,352885,353036
21880,353037,353206
8053,353207,353340
39796,353341,353398
48147,353399,353468
35609,353469,353550
42713,353551,353598
2348,353599,353824
17368,353825,354145
41287,354146,354237
30854,354238,354272
41273,354273,354416
7244,354417,354516
48263,354517,354713
19446,354714,354803
18596,354804,354860
25338,354861,354991
17035,354992,355015
15050,355016,355181
15123,355182,355288
34713,355289,355348
47362,355349,355385
45934,355386,355726
13973,355727,356006
31674,356007,356116
5180,356117,356507
46966,356508,356646
33542,356647,356746
45381,356747,356916
45799,356917,356960
32332,356961,357437
20666,357438,357501
33737,357502,357577
44963,357578,357708
35364,357709,359850
9047,359851,359922
45186,359923,359932
28681,359933,359946
1468,359947,360028
32565,360029,360080
39667,360081,360202
44248,360203,360219
13496,360220,360495
29457,360496,360893
33121,360894,361259
21719,361260,361366
302,361367,361568
45939,361569,361671
15028,361672,361987
25698,361988,362128
10100,362129,362199
24916,362200,362287
39607,362288,362385
5887,362386,362756
11672,362757,362861
40279,362862,363001
31899,363002,363008
2282,363009,363087
28301,363088,363155
38486,363156,363172
34555,363173,363297
48219,363298,363408
24510,363409,363478
32774,363479,363608
1503,363609,363715
21034,363716,363858
36196,363859,363931
18036,363932,363998
39797,363999,364084
3879,364085,364138
45183,364139,364275
43583,364276,364358
49043,364359,364493
39724,364494,364518
8094,364519,364578
3038,364579,365117
30248,365118,365189
37806,365190,365270
39461,365271,365483
21196,365484,365569
1612,365570,365589
27205,365590,365758
28339,365759,365830
28733,365831,365910
8057,365911,366072
36688,366073,366264
48310,366265,366390
39196,366391,366594
41597,366595,366995
49586,366996,367090
3595,367091,367153
21382,367154,367326
27834,367327,367393
18561,367394,367545
27854,367546,367718
4827,367719,368107
1269,368108,368140
9430,368141,368204
17760,368205,368651
21895,368652,368722
25962,368723,369673
24989,369674,369700
8583,369701,370067
5746,370068,370827
24119,370828,370885
34517,370886,370920
504,370921,371014
6198,371015,371026
35122,371027,371106
32067,371107,371110
22853,371111,371240
48860,371241,371326
48704,371327,371374
34111,371375,371624
19195,371625,371674
38381,371675,371712
24454,371713,371840
18425,371841,371875
47765,371876,372215
21059,372216,372299
18493,372300,372374
35976,372375,372402
30080,372403,372437
49341,372438,372440
17579,372441,372459
42863,372460,372654
1929,372655,372824
7690,372825,372873
32056,372874,372971
37548,372972,372984
4275,372985,373182
28045,373183,373198
1550,373199,373485
28961,373486,373548
3200,373549,373577
18672,373578,373658
1520,373659,373780
6193,373781,373888
26796,373889,374092
29620,374093,374112
22577,374113,374209
38734,374210,374239
3362,374240,374688
26549,374689,374967
29551,374968,375404
9844,375405,375551
15421,375552,375623
13903,375624,375678
36152,375679,375730
46820,375731,375794
5170,375795,375849
25358,375850,375869
16006,375870,375904
16056,375905,376080
39510,376081,376131
40064,376132,376205
31457,376206,376249
38981,376250,376382
45550,376383,376520
20362,376521,376573
14216,376574,376607
30676,376608,376632
38818,376633,376686
21896,376687,376806
18023,376807,376895
42381,376896,376914
19964,376915,377029
8647,377030,377082
49035,377083,377116
43167,377117,377156
29885,377157,377242
30740,377243,377244
152,377245,377364
18615,377365,377372
47905,377373,377402
10056,377403,377451
5116,377452,377588
28140,377589,377725
37012,377726,378359
45923,378360,379075
29375,379076,379112
30494,379113,379201
6604,379202,379254
29124,379255,379267
12235,379268,379310
24901,379311,380076
14624,380077,380289
8611,380290,380608
47023,380609,380836
7837,380837,380880
47552,380881,380953
49750,380954,381288
12354,381289,381397
12090,381398,381540
16333,381541,382161
22881,382162,382463
19864,382464,382579
43207,382580,382599
46553,382600,382718
22540,382719,382730
45495,382731,382960
3964,382961,383065
25362,383066,383145
46359,383146,383386
19669,383387,383550
26811,383551,383594
37891,383595,383614
39367,383615,383730
39298,383731,383823
27275,383824,383875
41894,383876,383937
35390,383938,384187
37575,384188,384555
30756,384556,384842
27811,384843,385061
17476,385062,385113
23387,385114,385135
18264,385136,385160
17144,385161,385402
27425,385403,385515
32710,385516,385563
18815,385564,385614
42,385615,385665
21084,385666,385672
25285,385673,385761
8278,385762,385805
3621,385806,385879
14462,385880,385892
26584,385893,385904
40464,385905,385945
10375,385946,385952
25034,385953,385990
31179,385991,386051
10693,386052,386102
2757,386103,386179
45228,386180,386357
32412,386358,386942
29659,386943,387344
8174,387345,387552
8656,387553,387657
33711,387658,387810
9953,387811,387919
26391,387920,388010
36733,388011,388147
38813,388148,388226
1096,388227,388319
18697,388320,388375
19628,388376,388401
12386,388402,388415
8935,388416,388439
47936,388440,388580
7202,388581,388767
6311,388768,388771
46763,388772,388834
8854,388835,388970
25730,388971,389072
38313,389073,389209
36516,389210,389217
23699,389218,389385
48409,389386,389719
45062,389720,389875
22533,389876,389960
9464,389961,390057
46363,390058,390092
3740,390093,390178
41180,390179,390619
36547,390620,390634
46648,390635,390693
48983,390694,390817
28575,390818,390818
5470,390819,390832
46574,390833,390917
25254,390918,390919
12141,390920,390935
22356,390936,390941
18311,390942,390995
1521,390996,391028
17026,391029,391039
14566,391040,391045
16896,391046,391048
35080,391049,391188
31538,391189,391383
11749,391384,392995
36420,392996,393018
8613,393019,393109
42428,393110,393201
41632,393202,393430
47308,393431,393488
18318,393489,393769
34000,393770,393867
29043,393868,393919
22998,393920,393944
4081,393945,394020
11877,394021,394080
36587,394081,394108
26283,394109,394159
49640,394160,394204
42233,394205,394210
18226,394211,394308
20955,394309,394652
9630,394653,394929
31584,394930,395028
43934,395029,395030
39739,395031,395181
35137,395182,395183
46615,395184,395271
6435,395272,395295
44004,395296,395392
34552,395393,395611
44699,395612,395770
48278,395771,396223
41845,396224,396278
10622,396279,396368
12680,396369,396424
17227,396425,396550
844,396551,396571
31027,396572,396696
47079,396697,396711
14030,396712,396725
35656,396726,396951
24129,396952,396980
20210,396981,397046
38526,397047,397448
33193,397449,397477
33264,397478,397744
8164,397745,397761
47840,397762,397822
25170,397823,397918
99,397919,398402
1627,398403,398505
32512,398506,398555
7458,398556,399170
21763,399171,399217
5369,399218,399237
37521,399238,399420
12631,399421,399452
42200,399453,399904
44131,399905,400052
38764,400053,400494
40497,400495,400622
1032,400623,400707
45296,400708,400850
30025,400851,400966
29449,400967,401006
49208,401007,401156
12054,401157,401170
17256,401171,401396
48337,401397,402231
1218,402232,402389
10957,402390,402508
37801,402509,402647
16302,402648,402860
30889,402861,402917
47335,402918,402934
10194,402935,403702
39812,403703,403727
34932,403728,404236
18656,404237,404274
17303,404275,404666
35688,404667,404727
10655,404728,404749
37837,404750,404945
41173,404946,404996
42893,404997,405067
29624,405068,405100
22750,405101,405319
43168,405320,406014
476,406015,406163
48537,406164,406279
39348,406280,406340
7566,406341,406391
6017,406392,406558
38842,406559,406587
15619,406588,406670
7597,406671,406767
29164,406768,406801
30086,406802,406910
20350,406911,407456
12604,407457,407636
15841,407637,407775
49552,407776,408000
42570,408001,408241
17462,408242,408351
23224,408352,408711
33187,408712,408955
10311,408956,409009
13230,409010,409302
7011,409303,409392
15075,409393,410040
16327,410041,410409
28763,410410,410447
26312,410448,410523
36080,410524,410933
43946,410934,411071
36401,411072,411142
21454,411143,411228
27196,411229,411312
47467,411313,411356
2397,411357,411603
45247,411604,411894
36568,411895,411903
10432,411904,411958
25432,411959,412015
9009,412016,412230
27723,412231,412302
44800,412303,412433
34774,412434,412535
2338,412536,412647
31449,412648,412764
17973,412765,412799
45338,412800,412960
27589,412961,413098
40438,413099,414354
44819,414355,414462
15265,414463,414489
37551,414490,414623
15688,414624,414811
35294,414812,414983
32569,414984,415265
8140,415266,415298
42949,415299,415398
28086,415399,415603
26618,415604,416053
34746,416054,416117
42566,416118,416119
37764,416120,416332
43128,416333,416404
49809,416405,416498
33669,416499,416754
25864,416755,416756
11999,416757,416765
6413,416766,416769
45366,416770,416964
39987,416965,417034
31094,417035,417395
2187,417396,417474
2113,417475,417562
49051,417563,417649
1356,417650,417704
49684,417705,417805
2038,417806,417903
9980,417904,417983
9577,417984,418008
916,418009,418202
13930,418203,418261
25214,418262,418321
42859,418322,418427
34390,418428,418486
24540,418487,418552
21745,418553,418581
2854,418582,418585
19565,418586,418820
3976,418821,418927
15768,418928,419849
1439,419850,419939
19963,419940,419991
32229,419992,420106
30762,420107,420194
39542,420195,420279
43493,420280,420526
10518,420527,420832
41742,420833,421099
405,421100,421341
40591,421342,421400
15552,421401,421449
43114,421450,421531
49119,421532,421549
1301,421550,421613
24388,421614,421666
25738,421667,421882
49965,421883,421986
45173,421987,422126
13479,422127,422628
29962,422629,422704
15308,422705,422826
8893,422827,422964
45921,422965,423004
36853,423005,423107
34500,423108,423198
46288,423199,423222
48653,423223,423233
22663,423234,423420
48782,423421,423510
29743,423511,423626
36325,423627,423737
38594,423738,423784
16650,423785,423879
31079,423880,423945
21100,423946,424077
16017,424078,424188
9272,424189,424357
38335,424358,424365
40640,424366,424369
35716,424370,424506
29424,424507,424555
10776,424556,424581
24919,424582,424631
7745,424632,424662
35637,424663,424677
13003,424678,424908
38197,424909,425229
35139,425230,425274
17627,425275,425354
48041,425355,425580
12399,425581,426096
41543,426097,426419
33361,426420,426511
6573,426512,426594
15710,426595,426808
1713,426809,426876
17380,426877,427023
34024,427024,427117
15562,427118,427197
22904,427198,427320
49830,427321,427444
20527,427445,427513
18647,427514,427596
39938,427597,427643
26588,427644,427920
5469,427921,427989
38790,427990,428028
8589,428029,428062
1424,428063,428620
13939,428621,428640
39984,428641,429263
31504,429264,429554
7573,429555,429799
565,429800,430122
25391,430123,431187
41027,431188,431288
1752,431289,431770
15485,431771,431847
30070,431848,431883
31499,431884,431897
16624,431898,432168
11280,432169,432280
3220,432281,432294
42636,432295,432480
44714,432481,432915
41656,432916,433006
31515,433007,433245
8161,433246,433341
30716,433342,433428
10472,433429,433631
44058,433632,433654
37491,433655,433818
37436,433819,433849
18053,433850,433851
28547,433852,434392
12950,434393,434506
481,434507,434791
46835,434792,434846
47942,434847,434932
28025,434933,435061
46095,435062,435155
9736,435156,435456
48,435457,435607
41595,435608,435786
30615,435787,435843
9606,435844,435847
32405,435848,435998
31685,435999,436139
48352,436140,436477
32409,436478,436652
47460,436653,436804
40987,436805,436901
36753,436902,436944
15556,436945,436978
28302,436979,437078
12540,437079,437112
39974,437113,437203
19825,437204,437417
8439,437418,437576
9274,437577,437584
4240,437585,437678
39121,437679,437777
34538,437778,437789
20624,437790,437933
48321,437934,437950
19510,437951,437992
12777,437993,438004
18693,438005,438009
26469,438010,438077
3285,438078,438747
4672,438748,439009
3517,439010,439053
36694,439054,439180
36673,439181,439214
49833,439215,439332
2797,439333,439428
40701,439429,440184
30629,440185,440284
23001,440285,440376
45417,440377,440484
35847,440485,440760
21517,440761,440789
35762,440790,440971
31240,440972,441054
42324,441055,441199
22079,441200,441432
32974,441433,441587
21933,441588,441680
8409,441681,442164
4634,442165,442350
44970,442351,442460
13189,442461,442501
45214,442502,442519
14412,442520,442622
31064,442623,443152
28259,443153,443240
23142,443241,443242
19808,443243,443358
46266,443359,443459
13804,443460,443529
22075,443530,443719
36846,443720,443748
17086,443749,443861
41902,443862,443955
26935,443956,444056
43814,444057,444434
19082,444435,444504
34785,444505,444538
7235,444539,444567
14107,444568,444582
30388,444583,444627
24120,444628,444651
47220,444652,444690
32108,444691,444876
29462,444877,444918
23510,444919,445038
16249,445039,445174
47612,445175,445186
7565,445187,445531
20553,445532,445985
23253,445986,446399
45891,446400,446417
37041,446418,446750
43204,446751,446828
23977,446829,446912
37731,446913,447068
19624,447069,447238
7773,447239,447365
29927,447366,447654
30133,447655,447732
47203,447733,447798
7705,447799,447808
7398,447809,447871
15602,447872,448113
15062,448114,448144
20192,448145,448582
5069,448583,448756
10710,448757,448798
44877,448799,448949
23025,448950,449038
18147,449039,449223
42272,449224,449246
26565,449247,449281
5269,449282,449294
45797,449295,449311
4421,449312,449567
3507,449568,449581
42468,449582,449711
42449,449712,449798
47320,449799,449862
16726,449863,450327
27493,450328,450365
32388,450366,450388
35912,450389,450596
14032,450597,450739
19138,450740,450925
2782,450926,450934
29100,450935,450954
39065,450955,451214
35015,451215,451233
47038,451234,451266
13943,451267,451740
5870,451741,451992
25789,451993,452365
10310,452366,452407
31137,452408,452525
49639,452526,452645
35059,452646,452685
7950,452686,452802
4733,452803,452978
9873,452979,453023
47306,453024,453055
40008,453056,453286
44219,453287,453340
31689,453341,453452
29479,453453,453477
6959,453478,453582
6613,453583,453709
42725,453710,453724
18951,453725,453891
5394,453892,454026
15636,454027,454348
19469,454349,454647
6389,454648,454665
18131,454666,454956
10120,454957,455138
38703,455139,455270
16827,455271,455286
49024,455287,455356
26449,455357,455360
32952,455361,455531
18503,455532,455573
47968,455574,455639
4595,455640,455800
7025,455801,455910
5615,455911,456064
45662,456065,456214
29332,456215,456305
22087,456306,456469
9868,456470,456665
16343,456666,456705
19123,456706,456982
27024,456983,457066
20863,457067,457153
10679,457154,457281
19129,457282,457297
37091,457298,457402
37568,457403,457551
47687,457552,457944
38684,457945,458236
3804,458237,458369
4443,458370,458505
31541,458506,458536
37150,458537,458710
23476,458711,458836
18749,458837,458980
36582,458981,459027
36574,459028,459063
36787,459064,459069
1533,459070,459371
12686,459372,459574
45409,459575,459655
29681,459656,459656
12961,459657,459845
29954,459846,459854
19545,459855,460107
40467,460108,460484
18833,460485,460518
32043,460519,460569
48649,460570,460616
26417,460617,460715
11398,460716,460951
49594,460952,461030
26107,461031,461048
41030,461049,461064
6083,461065,461297
27218,461298,461520
40993,461521,461634
32232,461635,461698
24819,461699,461737
28618,461738,462246
40455,462247,462366
49216,462367,462395
16461,462396,462499
21860,462500,462510
32988,462511,462845
48123,462846,463005
1297,463006,463050
44711,463051,463123
28808,463124,463175
25987,463176,464151
6882,464152,464198
20286,464199,464284
35766,464285,464292
29639,464293,464374
2395,464375,464847
17420,464848,465433
12704,465434,465862
29215,465863,466049
17840,466050,466266
10002,466267,466383
15871,466384,466621
12536,466622,466648
47357,466649,466667
3433,466668,466802
14018,466803,466827
27186,466828,466960
48811,466961,467170
38033,467171,467361
23247,467362,467432
22504,467433,467500
34260,467501,467512
44079,467513,467704
32443,467705,468138
40212,468139,468529
37468,468530,468696
38528,468697,468718
42143,468719,468866
12067,468867,469220
38806,469221,469290
11390,469291,469379
624,469380,469660
49882,469661,469677
25637,469678,469971
19070,469972,470034
23280,470035,470063
5718,470064,470491
41482,470492,470528
5080,470529,470559
3852,470560,470822
790,470823,470904
23953,470905,470919
26868,470920,471040
39099,471041,471102
24140,471103,471367
44428,471368,471546
35168,471547,471710
37386,471711,471833
12538,471834,471932
32466,471933,472059
26808,472060,472181
27339,472182,472590
38126,472591,472610
30455,472611,472619
10552,472620,472671
194,472672,472680
17828,472681,472695
5221,472696,472715
17781,472716,473562
25598,473563,473750
45131,473751,474008
6470,474009,474120
7452,474121,474498
27565,474499,474873
46622,474874,474911
23522,474912,474939
9519,474940,474950
27333,474951,475083
40705,475084,475765
46337,475766,475804
46603,475805,475841
48062,475842,475872
23146,475873,475976
23203,475977,476270
35065,476271,476373
438,476374,476432
32982,476433,476481
30664,476482,476589
24165,476590,476618
46291,476619,476627
24652,476628,476754
11238,476755,476800
15329,476801,476929
35985,476930,477633
47986,477634,477663
23191,477664,477699
33232,477700,477705
26672,477706,477719
40583,477720,477737
40254,477738,477784
43861,477785,477889
1555,477890,477976
24455,477977,478598
5253,478599,478625
21701,478626,478647
11752,478648,478995
29789,478996,479059
48836,479060,479082
48497,479083,479673
34536,479674,479719
42632,479720,479829
21221,479830,479886
14570,479887,479940
26733,479941,479968
16259,479976,480237
9158,480238,480374
48384,480375,480869
5970,480870,481365
4594,481366,481461
17009,481462,481579
29085,481580,481654
22057,481655,482162
9540,482163,482456
548,482457,482605
28074,482606,482791
7353,482792,483055
33660,483056,483061
39637,483062,483083
43768,483084,483149
2340,483150,483228
45174,483229,483298
2487,483299,483330
10764,483331,483358
10566,483359,483400
18473,483401,483505
7457,483506,483575
17690,483576,483600
38567,483601,483952
32030,483953,484520
10522,484521,484555
25084,484556,484635
29278,484636,484866
25563,484867,484936
7963,484937,484960
33816,484961,485087
18068,485088,485108
4842,485109,485579
30393,485580,485589
42867,485590,485630
17415,485631,485798
44857,485799,486086
8002,486087,486180
49476,486181,486183
49274,486184,486495
14690,486496,486740
24249,486741,486785
12050,486786,486991
24560,486992,487084
39053,487085,487096
27465,487097,487257
15782,487258,487403
26744,487404,487416
22276,487417,487449
2515,487450,487545
3541,487546,487595
45143,487596,487630
48657,487631,487974
4763,487975,488851
12150,488852,489042
165,489043,489093
9725,489094,489117
13330,489118,489284
3710,489285,489491
17255,489492,489498
27781,489499,489599
6349,489600,489643
47406,489644,489696
4330,489697,490111
5528,490112,490199
46898,490200,490259
25930,490260,490323
48142,490324,490647
41774,490648,490840
8449,490841,490890
278,490891,490896
18276,490897,490988
49323,490989,491141
17353,491142,491220
23297,491221,491309
7970,491310,491346
17821,491347,491365
34651,491366,491376
40350,491377,491540
32899,491541,491560
42834,491561,491599
29932,491610,491961
14809,491962,492507
14878,492508,492840
24151,492841,492906
15159,492907,492915
11458,492916,493228
4260,493229,493254
44443,493255,493281
14422,493282,493295
22411,493296,493419
28231,493420,493543
30646,493544,493624
35510,493625,493630
3062,493631,493777
23848,493778,493930
34808,493931,493966
20406,493967,493981
7320,493982,494157
48429,494158,494234
30910,494235,494259
10017,494260,494335
18205,494336,494420
42761,494421,494441
47565,494442,494446
19280,494447,494447
11779,494448,494450
7599,494451,494502
3599,494503,494516
16652,494517,494858
24963,494859,494981
15559,494982,495023
49837,495024,495196
31105,495197,495272
46546,495273,495374
21070,495375,495487
14791,495488,495513
31358,495514,495526
12855,495527,495639
5330,495640,495657
25591,495658,495816
12472,495817,495853
19045,495854,496035
9113,496036,496059
29867,496060,496084
45719,496085,496151
2018,496152,496169
35881,496170,496244
35513,496245,496252
21170,496253,496253
11737,496254,496348
44043,496349,496987
25627,496988,496999
42771,497000,497012
49535,497013,497117
521,497118,497154
21585,497155,497163
24273,497164,497240
12904,497241,497295
18906,497296,497586
28295,497587,497665
39325,497666,497672
12250,497673,497707
9774,497708,497756
38739,497757,497783
10309,497784,497967
38678,497968,498576
36866,498577,498660
19462,498661,498893
3888,498894,498902
27625,498903,498988
25422,498989,499049
43654,499050,499055
7181,499056,499058
32261,499059,499096
20295,499097,499143
12057,499144,499154
1442,499155,499164
10909,499165,499203
9045,499204,499213
13221,499214,499444
32112,499445,499557
27292,499558,499621
32476,499622,499653
39544,499654,499783
35183,499784,499821
40402,499822,499867
29606,499868,499886
13354,499889,499899
15860,499900,499935
16755,499936,499948
1042,499950,499974
27693,499975,499985
26686,499988,499999
