509,0,3132
2093,3133,3536
541,3537,3576
2224,3577,3659
444,3660,3835
2151,3836,3847
1468,3848,3918
1217,3919,3956
1311,3957,3958
700,3959,3969
2317,3970,4015
1271,4016,4021
1531,4022,4024
1671,4025,4033
1548,4034,4047
115,4048,4049
170,4050,4055
2685,4056,4056
196,4057,4057
2684,4058,4058
954,4059,4064
1755,4065,4070
2566,4071,4071
310,4072,4072
2169,4073,4197
833,4198,4211
1643,4212,4216
759,4217,4223
66,4224,4224
1184,4225,4231
979,4232,4240
2145,4241,4263
2334,4264,4264
2322,4265,4266
2767,4267,4274
2027,4275,4275
339,4276,4277
1816,4278,4315
2645,4316,4317
1916,4318,4391
2875,4392,4394
149,4395,4401
2178,4402,4404
1477,4405,4411
2075,4412,4417
127,4418,5650
1602,5651,5719
2805,5720,5733
1432,5734,5974
2097,5975,5989
1767,5990,5990
2814,5991,5991
2619,5992,6029
1558,6030,6055
9,6056,6058
266,6059,6059
563,6060,6060
2149,6061,6061
853,6062,6062
904,6063,6063
1946,6064,6073
1080,6074,6075
1625,6076,18095
725,18096,20068
486,20069,20263
112,20264,20370
956,20371,20405
2001,20406,20412
309,20413,20435
1413,20436,20437
1366,20438,20440
1642,20441,20442
763,20443,20495
2381,20496,20546
1139,20547,20631
618,20632,20638
2663,20639,20639
2369,20640,20640
930,20641,20659
876,20660,20661
753,20662,21357
2056,21358,22818
2299,22819,23068
1046,23069,23524
347,23525,23621
1792,23622,23676
1100,23677,23691
216,23692,23724
1645,23725,23760
2101,23761,23817
217,23818,23832
2388,23833,23854
2606,23855,23856
892,23857,23857
235,23858,23863
45,23864,23866
767,23867,23867
1286,23868,23868
1333,23869,23895
974,23896,23896
2313,23897,23897
1479,23898,24958
413,24959,25077
1216,25078,25154
535,25155,25192
2807,25193,25196
2435,25197,25201
590,25202,25239
122,25240,25248
1593,25249,25250
2342,25251,25262
1683,25263,25871
1229,25872,26999
2548,27000,27278
1416,27279,27284
1463,27285,27286
1634,27287,27287
1737,27288,27288
1616,27289,27289
1328,27290,27293
2214,27294,27299
2944,27300,27468
1005,27469,27469
923,27470,27471
1612,27472,27472
1363,27473,27473
2265,27474,28739
1400,28740,28986
807,28987,29433
1620,29434,32326
1619,32327,32809
2324,32810,33374
270,33375,33463
716,33464,33466
2184,33467,33470
2735,33471,33473
1552,33474,33476
2587,33477,33477
849,33478,38308
1577,38309,38407
1702,38408,40490
2573,40491,42010
211,42011,42032
1690,42033,42079
2104,42080,42111
162,42112,42734
2654,42735,45725
647,45726,45877
755,45878,45893
169,45894,78476
1277,78477,82688
223,82689,85307
1164,85308,85436
2572,85437,85527
1006,85528,85712
2414,85713,85747
1048,85748,85748
2330,85749,85749
1358,85750,85792
703,85793,86177
287,86178,86179
337,86180,86328
1868,86329,87607
2901,87608,88045
1712,88046,88473
1240,88474,88735
885,88736,88829
2058,88830,88871
921,88872,88900
2281,88901,89248
2938,89249,89252
536,89253,89330
190,89331,89471
329,89472,89550
62,89551,89566
1268,89567,89570
1411,89571,89579
2320,89580,89581
2266,89582,89589
125,89590,89591
2410,89592,89592
609,89593,89598
1911,89599,89605
1943,89606,89606
60,89607,89608
158,89609,89610
2166,89611,89611
2604,89612,89613
2068,89614,89627
2574,89628,91389
1041,91390,91426
2373,91427,91446
2148,91447,91447
2363,91448,91449
2153,91450,91455
212,91456,91465
2789,91466,91466
2347,91467,91467
514,91468,91515
437,91516,91526
2919,91527,91535
690,91536,91537
480,91538,91541
2762,91542,91553
238,91554,91575
1156,91576,91583
2553,91584,91584
1401,91585,91585
586,91586,91587
253,91588,91590
964,91591,91673
1231,91674,91679
2712,91680,91694
663,91695,91696
1090,91697,91710
1019,91711,91855
1835,91856,91862
2808,91863,91865
1785,91866,91867
164,91868,91868
774,91869,91962
2190,91963,91978
1110,91979,91989
1433,91990,94859
1870,94860,97096
15,97097,97382
2631,97383,97421
2534,97422,97532
1093,97533,97536
1506,97537,97537
75,97538,97625
1043,97626,97651
1638,97652,97673
1719,97674,98161
1710,98162,98978
2002,98979,99467
226,99468,99711
1768,99712,99724
2858,99725,99750
409,99751,99763
2420,99764,99864
1171,99865,99867
143,99868,99896
2539,99897,99903
1667,99904,99919
518,99920,99934
2772,99935,99981
1065,99982,100002
379,100003,100003
2239,100004,100009
2659,100010,100032
999,100033,101764
2920,101765,101766
606,101767,101767
1251,101768,101768
1661,101769,101769
2193,101770,101770
2060,101771,101771
2019,101772,101772
10,101773,101775
1049,101776,101777
1796,101778,101784
2951,101785,102753
2867,102754,102860
447,102861,104206
1387,104207,106203
2307,106204,106205
1756,106206,106211
2866,106212,106325
1161,106326,106326
1146,106327,106637
333,106638,106647
345,106648,106649
1159,106650,106745
951,106746,106776
1746,106777,106821
96,106822,106898
784,106899,106940
761,106941,107035
363,107036,107999
1586,108000,108140
837,108141,108149
1053,108150,108151
278,108152,108159
1995,108160,108161
2176,108162,110795
1082,110796,112189
1367,112190,112665
1181,112666,112674
2798,112675,112756
1305,112757,112823
2600,112824,112836
2727,112837,114063
1874,114064,115712
827,115713,115865
2180,115866,115870
219,115871,115921
1731,115922,115937
2405,115938,116772
208,116773,116924
471,116925,116998
1659,116999,117294
1589,117295,117349
2836,117350,117861
2607,117862,121956
2533,121957,122162
1443,122163,122283
6,122284,122350
1778,122351,122353
88,122354,122354
558,122355,122363
2219,122364,122381
2291,122382,122383
2207,122384,122515
2884,122516,122579
2652,122580,122668
395,122669,122671
2535,122672,122691
2274,122692,122976
547,122977,122982
1085,122983,122985
414,122986,122993
2986,122994,122995
714,122996,122996
1360,122997,122997
1833,122998,123001
1789,123002,123002
2731,123003,123003
1795,123004,123004
2361,123005,131210
2649,131211,133371
500,133372,133415
2672,133416,133866
173,133867,133910
110,133911,133958
1876,133959,134079
1232,134080,134081
1757,134082,134084
1484,134085,134377
2846,134378,134897
1564,134898,134925
2444,134926,134951
836,134952,134952
737,134953,134953
1888,134954,134954
710,134955,134964
695,134965,135164
2516,135165,135344
517,135345,135367
987,135368,135371
1883,135372,135373
941,135374,135385
1036,135386,135403
2306,135404,135415
239,135416,135416
2316,135417,135418
1676,135419,135422
1576,135423,135429
2841,135430,135435
128,135436,135539
315,135540,135564
5,135565,135579
2136,135580,135621
863,135622,135635
2925,135636,135636
2666,135637,135638
426,135639,135639
2491,135640,135640
2050,135641,135650
353,135651,135660
2403,135661,167001
123,167002,168675
688,168676,168694
2936,168695,168708
2430,168709,168714
1158,168715,168715
1180,168716,168716
1213,168717,168718
2408,168719,168719
2876,168720,172399
1059,172400,172617
516,172618,172747
2298,172748,172885
1761,172886,173397
2051,173398,173402
364,173403,173430
2337,173431,173465
1832,173466,173466
787,173467,173467
2249,173468,173471
919,173472,173472
301,173473,173540
2698,173541,173587
1570,173588,173598
2432,173599,173659
1937,173660,173660
958,173661,173662
768,173663,173667
2628,173668,173676
2478,173677,175252
2674,175253,175323
378,175324,175362
564,175363,175368
1560,175369,175371
1905,175372,175372
2891,175373,175373
1935,175374,175379
1347,175380,175396
448,175397,175405
530,175406,175447
1313,175448,175448
1154,175449,175453
625,175454,175456
2648,175457,175457
2509,175458,175459
2694,175460,175460
2755,175461,175464
2366,175465,175606
2318,175607,175607
2549,175608,175610
2255,175611,176560
1007,176561,176567
2167,176568,176772
2331,176773,176808
2815,176809,176844
1160,176845,176851
48,176852,176856
1055,176857,176858
631,176859,176861
1749,176862,176863
1912,176864,176864
858,176865,179657
2036,179658,179947
898,179948,180398
508,180399,180644
791,180645,180645
1847,180646,180648
2260,180649,180653
2261,180654,180654
2524,180655,180655
1379,180656,180829
1086,180830,180832
2540,180833,180833
1666,180834,180834
1489,180835,180835
260,180836,180836
570,180837,180865
2406,180866,181283
2791,181284,181475
1546,181476,181570
449,181571,181573
1955,181574,181579
975,181580,181580
874,181581,181583
1842,181584,181586
2015,181587,181587
810,181588,181590
2493,181591,181593
962,181594,181734
1073,181735,181737
1275,181738,181739
1694,181740,181741
1714,181742,181743
2020,181744,181752
2059,181753,181758
808,181759,181761
1765,181762,181762
350,181763,181768
2907,181769,181769
782,181770,181849
639,181850,181886
1259,181887,181888
2778,181889,181890
2183,181891,181893
2911,181894,181970
591,181971,182099
2134,182100,182371
1109,182372,182372
529,182373,182375
552,182376,182497
326,182498,182541
1537,182542,182542
2372,182543,182546
2314,182547,182548
1707,182549,182560
588,182561,182561
2677,182562,182625
2462,182626,182626
241,182627,182629
597,182630,182632
531,182633,182648
2271,182649,182664
2713,182665,182698
232,182699,182701
1631,182702,182702
197,182703,182703
1061,182704,182704
2592,182705,182706
423,182707,182713
1899,182714,182740
1873,182741,182741
2355,182742,182742
1574,182743,182743
2883,182744,182774
11,182775,182796
2283,182797,182797
2559,182798,182805
425,182806,182874
851,182875,182876
1038,182877,182877
798,182878,182878
2906,182879,182879
2820,182880,182887
882,182888,182889
2915,182890,182895
1108,182896,182896
2199,182897,182897
1091,182898,182973
1684,182974,183130
1650,183131,183195
106,183196,183204
847,183205,183207
657,183208,183216
1725,183217,183217
2783,183218,183218
252,183219,183229
2374,183230,183231
1466,183232,183234
955,183235,183242
1123,183243,183248
37,183249,183249
2105,183250,183251
2293,183252,183414
1198,183415,183518
2937,183519,183543
2547,183544,183557
2185,183558,183559
1578,183560,183562
2715,183563,183563
2146,183564,183644
116,183645,183705
1783,183706,183713
1152,183714,183894
2662,183895,183901
1697,183902,183969
2905,183970,184033
2284,184034,184035
2379,184036,184048
89,184049,184051
1258,184052,184069
1097,184070,184153
2127,184154,184625
2248,184626,184639
1717,184640,184679
2729,184680,184702
2412,184703,184746
1881,184747,184880
2716,184881,184881
1960,184882,184882
420,184883,185974
1260,185975,186049
959,186050,186062
2126,186063,186076
830,186077,186095
950,186096,186109
792,186110,186115
734,186116,186122
1106,186123,186123
1183,186124,186170
2162,186171,186172
258,186173,186509
1529,186510,186541
2235,186542,186559
2431,186560,186570
2217,186571,186575
2892,186576,186580
2532,186581,186597
616,186598,186601
2443,186602,186817
2171,186818,186825
129,186826,186829
1165,186830,186830
2831,186831,186831
3,186832,186832
2835,186833,186833
2923,186834,186834
1137,186835,187118
1543,187119,187125
864,187126,187139
952,187140,187161
748,187162,187166
2459,187167,187169
147,187170,187234
981,187235,187251
1520,187252,187252
47,187253,187255
1972,187256,187257
1782,187258,187258
1991,187259,187292
574,187293,187467
766,187468,187482
2593,187483,187485
742,187486,187489
1837,187490,187496
862,187497,187498
2477,187499,187501
156,187502,187527
1144,187528,187707
846,187708,187711
159,187712,187744
1802,187745,187756
2085,187757,187786
584,187787,187794
121,187795,188742
678,188743,188815
202,188816,188845
1236,188846,188919
150,188920,188939
2842,188940,189144
2902,189145,189167
1113,189168,189168
2007,189169,189181
812,189182,189218
1872,189219,189227
2687,189228,189230
1101,189231,189306
44,189307,189465
661,189466,189474
1185,189475,189478
2264,189479,189484
1989,189485,189485
1343,189486,189486
1923,189487,189489
1986,189490,189499
59,189500,190929
1341,190930,190930
341,190931,190931
1296,190932,190932
2510,190933,190933
2209,190934,190958
1532,190959,191144
405,191145,191336
944,191337,191338
752,191339,191339
2500,191340,191430
942,191431,191458
1004,191459,191524
1897,191525,191527
274,191528,191528
2378,191529,191559
1523,191560,191561
2297,191562,191571
723,191572,191597
1112,191598,191615
1556,191616,191618
1689,191619,191621
450,191622,191657
2838,191658,191658
1668,191659,191665
2231,191666,191667
100,191668,191674
822,191675,191679
2850,191680,191687
376,191688,191689
1190,191690,191730
1963,191731,191750
2629,191751,191914
2733,191915,191974
1172,191975,191981
458,191982,191982
2140,191983,191985
1243,191986,191986
1162,191987,191988
2870,191989,191994
1639,191995,191997
1166,191998,192053
436,192054,192061
1828,192062,192063
2526,192064,192064
1621,192065,192066
973,192067,192067
1148,192068,192068
2580,192069,192069
1544,192070,192070
1224,192071,192074
244,192075,192293
948,192294,192345
2120,192346,192391
1493,192392,192403
1495,192404,192409
434,192410,192497
696,192498,192502
2660,192503,192507
775,192508,192509
469,192510,192510
1818,192511,192511
1598,192512,192517
349,192518,192519
1014,192520,192530
1600,192531,192531
929,192532,192532
1199,192533,192543
1998,192544,192570
603,192571,192575
2268,192576,192577
1632,192578,192688
2360,192689,193702
1480,193703,193802
1722,193803,193803
2245,193804,194118
980,194119,194119
2250,194120,194121
250,194122,194139
136,194140,194140
21,194141,194141
1951,194142,194151
431,194152,194173
98,194174,194242
2072,194243,194260
1200,194261,194265
1304,194266,194266
2725,194267,194270
643,194271,194285
1748,194286,194289
148,194290,194291
2082,194292,194292
1094,194293,194442
842,194443,194452
770,194453,194483
1336,194484,194484
1834,194485,194494
1809,194495,194529
621,194530,194628
2451,194629,194686
1674,194687,194687
2038,194688,194689
354,194690,196922
124,196923,196941
2437,196942,197290
1927,197291,197313
1879,197314,197317
1140,197318,197324
1089,197325,197326
1735,197327,197334
2350,197335,197363
2346,197364,197371
2385,197372,197372
1498,197373,197373
1504,197374,197378
2737,197379,197379
1481,197380,197413
292,197414,197428
1035,197429,197438
1068,197439,197439
899,197440,197443
883,197444,197452
856,197453,197457
1685,197458,197462
2874,197463,197463
348,197464,197464
961,197465,197753
797,197754,197762
2262,197763,197764
687,197765,197789
1794,197790,197918
1599,197919,197919
1858,197920,197920
446,197921,197951
2965,197952,197955
269,197956,197994
1538,197995,198010
1458,198011,198020
2398,198021,198021
2913,198022,198031
993,198032,198036
139,198037,198051
2419,198052,198059
2741,198060,198061
1700,198062,198077
1614,198078,198081
407,198082,198082
1596,198083,198087
2916,198088,198089
2464,198090,198105
2861,198106,198112
2242,198113,198114
451,198115,198140
2832,198141,198141
1074,198142,198144
1302,198145,198151
2232,198152,198189
691,198190,198190
652,198191,198191
495,198192,198193
1008,198194,198208
257,198209,198212
2665,198213,198367
1032,198368,198371
521,198372,198373
660,198374,198374
2844,198375,198375
299,198376,198386
472,198387,198389
1629,198390,198394
1404,198395,198399
1505,198400,198430
1603,198431,198434
233,198435,198461
142,198462,198477
571,198478,198484
153,198485,198499
268,198500,198542
824,198543,198565
2345,198566,198566
2834,198567,198585
1023,198586,198588
1388,198589,198602
1241,198603,198608
267,198609,198609
505,198610,198633
2963,198634,198647
1968,198648,198648
7,198649,198658
1088,198659,198662
1419,198663,198664
1040,198665,198671
1233,198672,198677
757,198678,198720
17,198721,198725
632,198726,198736
1473,198737,198737
2401,198738,198740
2368,198741,198761
729,198762,198923
1214,198924,198957
2909,198958,198968
1770,198969,198969
2640,198970,198970
1985,198971,198971
922,198972,198973
918,198974,198975
2760,198976,198977
2220,198978,199338
193,199339,199339
313,199340,199527
917,199528,199540
2417,199541,199580
1854,199581,199588
1781,199589,199591
578,199592,199646
2196,199647,199669
569,199670,199673
1594,199674,199674
2644,199675,199676
2656,199677,199719
2746,199720,199727
1915,199728,199735
2022,199736,199760
272,199761,199765
160,199766,199766
947,199767,199770
580,199771,199836
2251,199837,199841
744,199842,199849
2032,199850,199854
2759,199855,199859
1830,199860,199867
533,199868,200036
1457,200037,200037
938,200038,200055
1875,200056,201608
1608,201609,201615
799,201616,201616
2994,201617,201667
566,201668,201816
992,201817,201838
2957,201839,201840
366,201841,201841
2784,201842,201842
1303,201843,201843
276,201844,201854
718,201855,201857
1604,201858,201868
1310,201869,201880
2582,201881,201881
74,201882,201884
283,201885,201885
1808,201886,201888
2254,201889,201889
146,201890,201891
1188,201892,201943
814,201944,201965
1034,201966,203915
1270,203916,204080
381,204081,204092
2696,204093,204139
1565,204140,204144
2585,204145,204145
2862,204146,204148
102,204149,204149
628,204150,204153
901,204154,204154
2792,204155,204158
1563,204159,204243
970,204244,204270
2705,204271,204275
254,204276,204276
482,204277,204277
134,204278,204299
1491,204300,204344
1464,204345,204379
1711,204380,204381
1136,204382,206643
1349,206644,206710
2620,206711,207138
1774,207139,207158
284,207159,207160
1434,207161,207161
92,207162,207185
1745,207186,207186
1721,207187,207187
2823,207188,207205
1261,207206,207206
427,207207,207300
1587,207301,207303
2757,207304,207304
2053,207305,207398
1471,207399,207763
595,207764,207911
361,207912,207961
38,207962,208231
928,208232,208234
386,208235,208235
429,208236,208246
2545,208247,208258
2131,208259,208259
751,208260,208260
1422,208261,208262
1817,208263,208586
1825,208587,208762
857,208763,208911
769,208912,209022
659,209023,209033
953,209034,209053
1448,209054,209071
2336,209072,209078
2711,209079,209090
445,209091,209092
1663,209093,209097
1284,209098,209098
2961,209099,209124
101,209125,209125
1730,209126,209127
2481,209128,209128
2226,209129,209137
934,209138,209144
2561,209145,209145
2211,209146,209155
359,209156,209167
1153,209168,209169
1535,209170,209170
41,209171,209196
464,209197,209201
2503,209202,209203
2594,209204,209241
2208,209242,209277
1838,209278,209280
1741,209281,209281
1327,209282,209333
1709,209334,209378
1279,209379,209394
404,209395,209412
2078,209413,209420
545,209421,209425
1860,209426,209441
2021,209442,209452
1582,209453,209465
1992,209466,209475
2434,209476,209476
422,209477,209477
2868,209478,209577
1622,209578,209676
1348,209677,209732
2394,209733,209764
1426,209765,209788
1950,209789,209809
46,209810,209810
1318,209811,209813
2473,209814,209818
720,209819,209821
77,209822,209826
1784,209827,209828
1906,209829,209833
2088,209834,209834
809,209835,209893
1291,209894,209894
2551,209895,209895
593,209896,209899
905,209900,209902
2690,209903,209904
2701,209905,209928
20,209929,209952
1345,209953,209956
1352,209957,209957
2519,209958,209958
1566,209959,209961
2308,209962,209965
2340,209966,210133
2706,210134,210423
2110,210424,210462
2407,210463,210474
90,210475,210481
1096,210482,210487
493,210488,210491
356,210492,210492
2717,210493,211026
351,211027,211120
1733,211121,211211
2138,211212,211226
1644,211227,211234
457,211235,211286
1613,211287,211300
1945,211301,211317
388,211318,211319
994,211320,211351
419,211352,211353
2570,211354,211358
394,211359,211360
881,211361,211366
1547,211367,211435
1797,211436,211459
873,211460,211460
1131,211461,211477
2383,211478,211479
878,211480,211481
2903,211482,211493
2679,211494,211494
1396,211495,211503
328,211504,211530
2616,211531,211575
1439,211576,211613
231,211614,211683
2468,211684,211756
1370,211757,211781
61,211782,211833
2613,211834,211868
2233,211869,211892
221,211893,211893
627,211894,211894
988,211895,211946
265,211947,211983
2756,211984,211984
672,211985,212039
1234,212040,212076
1724,212077,212139
932,212140,212159
2856,212160,212172
184,212173,212190
1196,212191,212203
2811,212204,212204
2885,212205,212205
1914,212206,212206
602,212207,212231
1428,212232,212240
649,212241,212264
317,212265,212285
2467,212286,212290
417,212291,212293
2634,212294,212294
596,212295,212296
1135,212297,212298
1087,212299,212300
2367,212301,212304
2433,212305,212311
2084,212312,212317
1673,212318,212319
2745,212320,212323
1780,212324,212334
2926,212335,212339
2175,212340,212340
27,212341,212341
2567,212342,212344
646,212345,212347
2012,212348,212397
2054,212398,212418
2990,212419,212451
2623,212452,212457
1361,212458,212458
2979,212459,212460
2681,212461,212461
750,212462,212471
1549,212472,212473
2181,212474,215498
733,215499,215578
815,215579,215579
1203,215580,216807
2734,216808,217005
1675,217006,217024
2442,217025,217047
2993,217048,217068
1609,217069,217098
1754,217099,217102
1705,217103,217107
683,217108,217109
53,217110,217110
1001,217111,217134
2894,217135,217135
1266,217136,217137
1753,217138,217139
895,217140,217140
2343,217141,217143
2617,217144,217147
2154,217148,217156
2704,217157,217168
2794,217169,217178
2229,217179,217179
1461,217180,217226
441,217227,217465
1392,217466,217498
1208,217499,217499
741,217500,217500
2953,217501,217502
986,217503,217614
2983,217615,217756
71,217757,217764
1462,217765,217777
391,217778,217784
2359,217785,218240
484,218241,219160
674,219161,219326
2752,219327,219336
2527,219337,219338
1580,219339,219341
1221,219342,219403
936,219404,220188
1812,220189,220197
1550,220198,220205
1971,220206,220206
383,220207,220209
1891,220210,220243
556,220244,220298
2290,220299,220402
1125,220403,220533
2776,220534,220886
2074,220887,220988
1823,220989,221002
2588,221003,221030
969,221031,221054
1218,221055,221057
765,221058,221059
1228,221060,221060
1308,221061,221075
562,221076,221077
1403,221078,221087
51,221088,221088
2824,221089,221089
1758,221090,221090
2898,221091,221091
1280,221092,221239
2658,221240,221242
2505,221243,221251
2917,221252,221252
442,221253,221256
1813,221257,221257
2895,221258,221715
1692,221716,221716
468,221717,221728
2253,221729,221730
1633,221731,221737
2496,221738,221741
599,221742,221760
1790,221761,221767
2247,221768,221823
2671,221824,222075
1178,222076,222171
2098,222172,222252
2893,222253,222266
1932,222267,222267
400,222268,222269
1769,222270,222272
2514,222273,222273
288,222274,222274
739,222275,222276
1054,222277,222290
1499,222291,222307
2627,222308,222316
1350,222317,222318
1145,222319,222434
704,222435,222553
677,222554,222592
1369,222593,222600
2972,222601,222601
2833,222602,222602
1930,222603,222603
1695,222604,222604
319,222605,222606
2191,222607,222609
666,222610,222625
294,222626,222626
894,222627,222646
2086,222647,222649
1831,222650,222650
255,222651,224007
2699,224008,224084
220,224085,224085
2319,224086,224086
1076,224087,224856
1513,224857,225955
1681,225956,225976
758,225977,226267
1482,228292,228324
972,228325,228345
467,228346,228347
612,228348,228371
946,228372,228374
2192,228375,228384
1212,228385,228397
2900,228398,228402
154,228403,228415
2693,228416,228417
780,228418,228421
2992,228422,228422
2353,228423,228431
2596,228432,228432
2186,228433,228433
2995,228434,228630
1294,228631,228669
585,228670,228755
2764,228756,228784
1996,228785,228790
1077,228791,228794
2536,228795,228796
401,228797,228797
2643,228798,228930
2303,228931,228956
1485,228957,228957
2947,228958,228965
2945,228966,228967
1511,228968,228997
496,228998,229023
2280,229024,229033
776,229034,229035
2793,229036,229038
1693,229039,229039
2456,229040,229040
2722,229041,229041
1583,229042,229061
540,229062,229063
2996,229064,229067
728,229068,229068
2028,229069,229069
2111,229070,229083
1584,229084,229084
1115,229085,229085
1389,229086,229101
719,229102,229102
2113,229103,229103
280,229104,229104
707,229105,229105
1474,229106,229589
2538,229590,229797
1315,229798,229816
245,229817,229818
841,229819,229826
806,229827,229827
78,229828,229836
2017,229837,229870
2531,229871,229871
560,229872,229877
460,229878,229878
2710,229879,229879
1442,229880,229880
640,229881,229882
1502,229883,229883
103,229884,230136
526,230137,230268
1655,230269,230340
2830,230341,230349
2358,230350,230351
1429,230352,230407
2948,230408,230408
2352,230409,230601
1033,230602,230642
2954,230643,230708
1424,230709,230712
832,230713,230746
656,230747,230755
1994,230756,230758
831,230759,230762
834,230763,230778
84,230779,230783
1249,230784,230784
463,230785,230786
2952,230787,230791
982,230792,230792
1098,230793,230795
1092,230796,230804
2066,230805,230808
998,230809,230811
1372,230812,230814
1777,230815,230815
1002,230816,230817
1739,230818,230828
2609,230829,230842
2305,230843,230843
2065,230844,230848
179,230849,230856
1316,230857,230857
2626,230858,230858
2974,230859,230864
1922,230865,230865
1557,230866,230866
411,230867,230867
230,230868,230878
393,230879,230883
1799,230884,230891
49,230892,230892
1326,230893,230893
204,230894,230895
2546,230896,231136
2484,231137,231141
73,231142,231191
1252,231192,231195
1242,231196,231205
550,231206,231211
2688,231212,231212
1488,231213,231223
475,231224,231226
1814,231227,231229
850,231230,231250
927,231251,231252
2055,231253,231258
1197,231259,231261
825,231262,231263
2560,231264,231264
1174,231265,231266
242,231267,231272
1856,231273,231279
2981,231280,231280
2174,231281,231281
2886,231282,231286
1653,231287,231540
2023,231541,231558
2817,231559,231610
312,231611,231611
243,231612,231615
1993,231616,231617
2584,231618,231618
699,231619,231646
1317,231647,231648
1819,231649,231649
1743,231650,231650
1250,231651,231653
2092,231654,231663
2155,231664,231664
2695,231665,231725
2198,231726,231738
694,231739,231752
330,231753,231757
2428,231758,231772
2940,231773,231867
778,231868,231877
470,231878,231898
2440,231899,231914
408,231915,231921
1618,231922,231953
2723,231954,231954
2128,231955,231955
2771,231956,231973
1571,231974,231977
1907,231978,231986
2497,231987,231989
201,231990,231990
2400,231991,231992
2039,231993,231993
2282,231994,231995
523,231996,231996
567,231997,231997
583,231998,234114
1168,234115,236114
14,236115,236364
2348,236365,236379
2096,236380,236380
908,236381,236381
2530,236382,236387
119,236388,236394
2942,236395,236396
2189,236397,236397
1018,236398,236472
1954,236473,236546
1857,236547,236587
1575,236588,236615
249,236616,236623
247,236624,236635
1519,236636,236639
2506,236640,236642
2130,236643,236705
494,236706,236759
2275,236760,236825
63,236826,236826
1630,236827,237069
367,237070,237071
1069,237072,237189
732,237190,237200
2416,237201,237202
1425,237203,237203
181,237204,237214
432,237215,237215
1254,237216,237220
331,237221,237223
1983,237224,237328
804,237329,237597
2117,237598,237607
1900,237608,237609
913,237610,237638
1062,237639,237642
1942,237643,237668
2998,237669,237669
1127,237670,237673
2132,237674,237681
2164,237682,237683
835,237684,237708
1119,237709,237709
506,237710,237718
1920,237719,237760
492,237761,237769
2380,237770,237770
2495,237771,237776
2914,237777,237828
1720,237829,237879
1138,237880,237903
187,237904,237969
839,237970,238013
28,238014,238058
1966,238059,238063
1776,238064,238066
726,238067,238067
1617,238068,238069
1672,238070,238070
924,238071,238071
2796,238072,238142
2135,238143,238207
1102,238208,238270
1025,238271,238276
1063,238277,238278
1220,238279,238281
2375,238282,238303
2109,238304,238308
1686,238309,238347
1319,238348,238365
1314,238366,238367
117,238368,238371
1615,238372,238373
131,238374,238401
2854,238402,238462
2508,238463,238485
1278,238486,238509
1362,238510,238511
1398,238512,238538
1472,238539,238539
2502,238540,238546
626,238547,238551
978,238552,238553
188,238554,238601
1269,238602,238603
2035,238604,238613
1925,238614,238616
2421,238617,238674
2773,238675,238677
1848,238678,238678
1107,238679,238680
2203,238681,238681
2879,238682,238682
2273,238683,238683
2571,238684,238775
1289,238776,238781
1975,238782,238802
705,238803,238813
1885,238814,238814
2669,238815,238883
2095,238884,238884
2787,238885,238888
931,238889,238892
1518,238893,238894
1134,238895,238903
1515,238904,238915
634,238916,238932
2984,238933,238934
1822,238935,238939
2210,238940,238973
403,238974,239011
1699,239012,239035
1959,239036,239040
1042,239041,239041
1380,239042,239044
2602,239045,239140
2651,239141,239145
1701,239146,239168
662,239169,239173
2049,239174,239174
2455,239175,239175
2356,239176,239181
263,239182,239197
925,239198,239201
1926,239202,239204
438,239205,239205
2422,239206,239235
1436,239236,239243
2011,239244,239244
884,239245,239281
2928,239282,239289
91,239290,239292
676,239293,239294
2987,239295,239295
2754,239296,239322
2747,239323,239335
828,239336,239344
2450,239345,239345
194,239346,239346
300,239347,239356
2638,239357,239360
1017,239361,239370
912,239371,239371
670,239372,239373
2714,239374,239375
2025,239376,239380
1791,239381,239382
1420,239383,239383
2089,239384,239391
1099,239392,239399
234,239400,239401
2070,239402,239720
1219,239721,239751
2960,239752,239793
1786,239794,240152
2732,240153,240190
246,240191,240227
777,240228,240228
2389,240229,240230
340,240231,240382
773,240383,240387
1884,240388,240390
709,240391,240393
2748,240394,240499
2586,240500,240517
2837,240518,240521
1407,240522,240525
693,240526,240529
1167,240530,240530
573,240531,240531
911,240532,240536
577,240537,240537
2170,240538,240540
1760,240541,240571
2427,240572,240598
224,240599,240605
67,240606,240625
2083,240626,240635
1133,240636,240637
2040,240638,240640
1193,240641,240959
435,240960,241068
2234,241069,241332
816,241333,241367
277,241368,241370
1245,241371,241376
261,241377,241377
406,241378,241378
866,241379,241408
1009,241409,241409
402,241410,241413
2647,241414,241418
2822,241419,241422
2099,241423,241428
2300,241429,241429
1037,241430,241440
1024,241441,241442
2924,241443,241453
681,241454,241454
1595,241455,241455
544,241456,241456
1980,241457,241457
2788,241458,241492
1132,241493,241494
1534,241495,241496
2471,241497,241497
203,241498,241503
1771,241504,241504
1787,241505,241516
240,241517,241686
369,241687,241783
543,241784,241784
2241,241785,241787
2802,241788,241799
2332,241800,241802
852,241803,241805
689,241806,241808
727,241809,241809
1201,241810,241814
1894,241815,241836
1889,241837,241837
43,241838,241907
2639,241908,242000
655,242001,242022
2457,242023,242032
2943,242033,242033
183,242034,242034
362,242035,242035
2141,242036,242036
762,242037,242037
259,242038,242043
1569,242044,242050
1846,242051,242138
2641,242139,242147
65,242148,242153
2896,242154,242158
1438,242159,242164
26,242165,242258
141,242259,242283
1526,242284,242296
2129,242297,242300
2621,242301,242321
2487,242322,242341
1205,242342,242345
2845,242346,242349
412,242350,242352
648,242353,242401
1764,242402,242407
916,242408,242408
57,242409,242410
1902,242411,242411
1750,242412,242412
1298,242413,242413
1938,242414,242493
1640,242494,242498
334,242499,242504
2052,242505,242507
2968,242508,242510
1940,242511,242531
813,242532,242535
1307,242536,242536
2997,242537,242537
1887,242538,242538
2575,242539,242539
1969,242540,242540
1839,242541,242541
2622,242542,242548
2077,242549,242553
845,242554,242567
1456,242568,242570
1300,242571,242577
1788,242578,242580
548,242581,242627
559,242628,242628
1204,242629,242638
879,242639,242644
2033,242645,242650
746,242651,242653
2888,242654,242665
1687,242666,242666
1970,242667,242669
2338,242670,242670
1155,242671,242671
1386,242672,242673
820,242674,242674
1866,242675,242702
342,242703,242708
1405,242709,242728
2454,242729,242729
1322,242730,242730
2563,242731,242732
1729,242733,242733
2612,242734,242734
1924,242735,242735
1255,242736,242754
322,242755,242758
2277,242759,242828
2147,242829,242857
2458,242858,242892
1827,242893,243005
2577,243006,243022
2294,243023,243025
489,243026,243157
1987,243158,243158
192,243159,243159
155,243160,243181
1807,243182,243221
1555,243222,243226
1066,243227,243229
1624,243230,243231
1273,243232,243246
275,243247,243285
1105,243286,243290
1503,243291,243342
2843,243343,243347
1147,243348,243348
1028,243349,243384
2418,243385,243400
2195,243401,243416
2614,243417,243417
790,243418,243418
2470,243419,243421
2908,243422,243424
2107,243425,243425
624,243426,243431
2956,243432,243432
1861,243433,243433
2682,243434,243462
2100,243463,243473
598,243474,243474
1626,243475,243478
2880,243479,243479
1804,243480,243483
1194,243484,243491
2730,243492,243492
461,243493,243495
1072,243496,243505
1391,243506,243511
2989,243512,243512
2797,243513,243513
424,243514,243528
715,243529,243540
966,243541,243542
1465,243543,243543
225,243544,243544
2387,243545,243545
2246,243546,243831
2,243832,243832
1977,243833,243838
2801,243839,243852
1561,243853,243859
200,243860,243861
2296,243862,243864
1309,243865,243900
2341,243901,243901
2376,243902,243903
1337,243904,243908
667,243909,243909
1483,243910,243910
2624,243911,243915
1051,243916,243916
2438,243917,243917
1901,243918,243918
1863,243919,243919
195,243920,243942
2362,243943,243988
2537,243989,243995
907,243996,244000
989,244001,244001
1451,244002,244002
1013,244003,244004
2200,244005,244005
2839,244006,244009
1338,244010,244012
2061,244013,244041
1611,244042,244048
490,244049,244055
1918,244056,244061
871,244062,244063
1910,244064,244096
455,244097,244142
1509,244143,244180
1490,244181,244184
1246,244185,244189
2452,244190,244202
2601,244203,244203
1175,244204,244204
940,244205,244249
2472,244250,244284
1209,244285,244288
2853,244289,244289
2828,244290,244292
525,244293,244293
368,244294,244294
2650,244295,244295
1169,244296,244297
1803,244298,244298
2569,244299,244304
653,244305,244305
1772,244306,244308
1312,244309,244309
1806,244310,244316
669,244317,244318
2238,244319,244319
557,244320,244685
1921,244686,245696
499,245697,245701
1186,245702,245703
2812,245704,245709
721,245710,245712
64,245713,245869
1222,245870,245890
1542,245891,245902
2813,245903,245909
1517,245910,245911
1191,245912,245919
889,245920,245920
1512,245921,246290
2240,246291,246319
2515,246320,246326
1964,246327,246327
2118,246328,246369
1262,246370,246373
2719,246374,246383
991,246384,246390
273,246391,246393
1677,246394,246395
1568,246396,246396
823,246397,246406
2825,246407,246409
1948,246410,246417
2489,246418,246438
2108,246439,246443
1528,246444,246466
1417,246467,246482
2076,246483,246484
1215,246485,246540
2562,246541,246541
410,246542,246546
1104,246547,246549
906,246550,246550
111,246551,246551
1664,246552,246578
1399,246579,246604
2664,246605,246609
1351,246610,246614
163,246615,246665
2044,246666,246669
686,246670,246673
2785,246674,246675
582,246676,248207
2646,248208,248372
83,248373,248385
1551,248386,248414
875,248415,248423
855,248424,248430
1452,248431,248431
2312,248432,248432
2371,248433,248433
897,248434,248436
1606,248437,248475
32,248476,248528
171,248529,248533
2829,248534,248534
52,248535,248536
2964,248537,248539
375,248540,248544
1660,248545,248545
1567,248546,248547
1016,248548,248548
68,248549,248550
1579,248551,248562
421,248563,248563
2950,248564,248564
635,248565,248565
1447,248566,248567
2081,248568,248570
133,248571,248572
1605,248573,248576
372,248577,248588
1696,248589,248590
926,248591,248592
2912,248593,248597
1974,248598,248599
2227,248600,248601
1478,248602,248608
1292,248609,248609
1225,248610,248802
2697,248803,248803
2581,248804,248811
1306,248812,248822
2565,248823,248833
2244,248834,248837
555,248838,248838
1779,248839,248840
1965,248841,248841
1330,248842,248842
2106,248843,248848
12,248849,248859
311,248860,249047
2436,249048,249050
2063,249051,249055
1412,249056,249072
2295,249073,249082
1331,249083,249083
1496,249084,249094
2486,249095,249095
1382,249096,249098
2448,249099,249128
2008,249129,249155
107,249156,249156
2116,249157,249160
844,249161,249161
2726,249162,249162
1449,249163,249163
2094,249164,249166
1715,249167,249334
2062,249335,249337
2133,249338,249338
1117,249339,249439
321,249440,249440
109,249441,249451
789,249472,249483
2048,249484,249486
338,249487,249502
1045,249503,249505
1508,249506,249508
285,249509,249523
2029,249524,249524
2252,249525,249544
327,249545,249549
868,249550,249550
2544,249551,249556
1359,249557,249557
1118,249558,249559
532,249560,249561
1590,249562,249563
1423,249564,249566
2703,249567,249577
175,249578,249581
1811,249582,249582
2173,249583,249587
2707,249588,249588
478,249589,249591
2490,249592,249592
1934,249593,249594
1680,249595,249617
1773,249618,249623
2256,249624,249624
2228,249625,249625
2006,249626,249627
2568,249628,249631
2067,249632,249632
54,249633,249634
949,249635,249640
2370,249641,249643
589,249644,249644
957,249645,249645
222,249646,249646
722,249647,249647
1752,249648,249648
501,249649,249655
2488,249656,249660
1297,249661,249661
527,249662,249662
2999,249663,249663
454,249664,249682
538,249683,249685
2288,249686,249686
2556,249687,249688
2852,249689,249689
1665,249690,249691
1704,249692,249693
692,249694,249717
2799,249718,249721
668,249722,249723
1263,249724,249724
2528,249725,249725
2204,249726,249748
867,249749,249751
2504,249752,249752
2605,249753,249807
336,249808,249939
2541,249940,249956
2675,249957,249967
2740,249968,249971
2259,249972,249972
380,249973,249974
1869,249975,249987
1843,249988,249988
2047,249989,249990
779,249991,249991
2618,249992,249992
673,249993,249994
2399,249995,249996
1844,249997,249998
358,249999,249999
