9678,0,24524
5080,24525,25684
5094,25685,25880
8352,25881,25887
920,25888,25890
3704,25891,25892
1500,25893,25899
9143,25900,25903
2579,25904,25905
3272,25906,25906
2444,25907,25908
7103,25909,25919
1860,25920,25947
5555,25948,25958
247,25959,25967
2890,25968,25968
6111,25969,25969
6208,25970,25971
9719,25972,25973
2106,25974,25984
9862,25985,25987
7600,25988,25993
5545,25994,25994
3983,25995,25997
4196,25998,26002
199,26003,26016
1704,26017,26104
8800,26105,26115
4709,26116,26118
8334,26119,26119
6220,26120,26122
9857,26123,26130
3290,26131,26131
9246,26132,26137
6434,26138,26141
2325,26142,26145
3726,26146,26146
4241,26147,26149
5425,26150,26153
1820,26154,26166
7060,26167,26504
7889,26505,26525
3467,26526,26530
9766,26531,26538
1462,26539,26566
4237,26567,26570
2143,26571,26571
2970,26572,26575
7659,26576,26581
3133,26582,26582
8018,26583,26599
816,26600,26601
9617,26602,26602
1994,26603,26603
2618,26604,26610
5795,26611,26611
4963,26612,26612
314,26613,26617
3999,26618,26620
3420,26621,26621
2811,26622,26622
8307,26623,26640
9290,26641,26641
7086,26642,26642
5727,26643,26651
3325,26652,26654
6132,26655,26656
1658,26657,26694
1410,26695,26712
2058,26713,26717
7562,26718,26720
1801,26721,26721
1534,26722,26723
8348,26724,26724
7736,26725,26725
8854,26726,26726
1333,26727,26898
997,26899,27131
7826,27132,27309
8217,27310,27346
9347,27347,27395
6940,27396,27446
4771,27447,27451
6198,27452,27460
3969,27461,27463
5684,27464,27465
7574,27466,27466
31,27467,27473
3300,27474,27474
7410,27475,27476
6747,27477,27477
2724,27478,27478
9667,27479,27479
2483,27480,27517
6912,27518,27520
4257,27521,27521
1824,27522,27522
1990,27523,27523
1218,27524,27545
5969,27546,27548
5386,27549,27555
3706,27556,27556
4837,27557,27558
2347,27559,27559
6250,27560,27563
9498,27564,27564
4732,27565,27583
8668,27584,27593
1083,27594,27594
5480,27595,27595
2364,27596,27600
4120,27601,27601
8555,27602,27602
1510,27603,27604
9623,27605,27605
580,27606,122947
8579,122948,163477
399,163478,178007
824,178008,178398
9393,178399,178399
6136,178400,178401
9101,178402,178410
1431,178411,178413
8881,178414,248560
5704,248561,248752
4797,248753,248787
269,248788,248792
234,248793,248793
7969,248794,248802
185,248803,248817
9318,248818,249537
3294,249538,256547
6268,256548,259230
7030,259231,260425
9693,260426,260588
3244,260589,260590
7285,260591,260594
6558,260595,260595
7820,260596,260596
7005,260597,260597
474,260598,260598
4883,260599,260599
7062,260600,260600
9065,260601,260612
9396,260613,260621
2656,260622,260623
6007,260624,260624
9514,260625,260625
2909,260626,265581
7021,265582,265598
2120,265599,265986
1417,265987,266102
6552,266103,266128
6347,266129,266166
9509,266167,266203
9198,266204,266206
6546,266207,266254
2546,266255,266279
9553,266280,266340
4293,266341,266364
2402,266365,266412
5074,266413,266668
8844,266669,266684
3455,266685,266702
5182,266703,269297
4146,269298,275773
5736,275774,276022
4975,276023,276134
2173,276135,276135
4075,276136,276136
5142,276137,276556
9660,276557,276609
4986,276610,276611
5633,276612,276613
6810,276614,276615
3503,276616,276616
8638,276617,276622
8757,276623,276661
7446,276662,276665
649,276666,276680
8612,276681,276861
4545,276862,277088
3154,277089,277311
858,277312,277456
1234,277457,277470
1115,277471,277510
7386,277511,277514
3934,277515,277515
7767,277516,277593
4948,277594,277644
2671,277645,277766
4426,277767,277767
3584,277768,277771
8500,277772,277772
9616,277773,277773
875,277774,277774
5647,277775,277775
714,277776,277776
6371,277777,279086
527,279087,279587
5078,279588,279669
197,279670,279675
9008,279676,279680
2349,279681,279683
3849,279684,279749
2869,279750,279756
8778,279757,279757
7385,279758,279758
9188,279759,279778
4437,279779,279906
6571,279907,280017
3959,280018,280113
4780,280114,280148
4383,280149,280181
1221,280182,280185
653,280186,280186
3696,280187,280187
7136,280188,280188
3556,280189,280189
6068,280190,280190
3845,280191,280194
9629,280195,280502
6923,280503,280513
6772,280514,280518
3038,280519,280574
5123,280575,280715
963,280716,280953
8068,280954,280966
1068,280967,280976
4659,280977,280984
469,280985,280985
373,280986,280987
1254,280988,280988
7215,280989,280989
2622,280990,280992
1370,280993,280993
6753,280994,280996
2981,280997,280997
2639,280998,281011
3646,281012,281014
8313,281015,281016
1666,281017,281019
4892,281020,281020
9497,281021,281021
4486,281022,281030
9191,281031,281054
9699,281055,281055
9576,281056,281058
3947,281059,300819
8589,300820,304442
177,304443,304694
5790,304695,304712
5355,304713,304713
5578,304714,304714
1776,304715,304716
4418,304717,304718
175,304719,304720
4273,304721,304759
4586,304760,304886
713,304887,304890
3533,304891,304891
6171,304892,304893
1561,304894,304894
4384,304895,304899
6133,304900,304902
4347,304903,304913
4923,304914,304914
1897,304915,304915
1659,304916,304950
3312,304951,304954
5508,304955,305023
7862,305024,305026
6424,305027,305027
6401,305028,305028
3254,305029,305029
4401,305030,305030
2242,305031,305036
8359,305037,305037
3950,305038,305039
5700,305040,305047
2835,305048,305048
4994,305049,305049
2525,305050,305070
3449,305071,305079
9505,305080,305080
6327,305081,305084
1143,305085,305087
2983,305088,305088
2153,305089,305089
3732,305090,305090
7991,305091,305091
4775,305092,305092
853,305093,305220
9683,305221,305245
718,305246,305297
2162,305298,305344
9376,305345,305352
7711,305353,305361
9584,305362,305366
3350,305367,305371
7565,305372,305374
9342,305375,305377
2625,305378,305398
218,305399,305408
6509,305409,305411
6788,305412,305438
7362,305439,305479
933,305480,305568
1849,305569,305575
3823,305576,305577
2171,305578,305578
7949,305579,305588
4933,305589,305696
1403,305697,305727
6189,305728,305730
9117,305731,305741
9382,305742,305742
683,305743,305748
8920,305749,305749
2149,305750,305762
6557,305763,306050
8143,306051,306076
625,306077,306081
9093,306082,306084
7613,306085,306086
6873,306087,306087
648,306088,306088
2318,306089,306089
2108,306090,306090
313,306091,306104
8798,306105,306106
5046,306107,306112
1232,306113,306113
6071,306114,306135
64,306136,306137
9352,306138,306138
6713,306139,306139
3070,306140,306140
6115,306141,306143
3119,306144,306145
836,306146,306146
6937,306147,306151
9510,306152,306154
8557,306155,306155
583,306156,306156
5412,306157,306157
1993,306158,306169
8710,306170,306170
6423,306171,306174
6251,306175,306335
8298,306336,306426
8276,306427,306476
271,306477,306487
1685,306488,306522
1540,306523,306535
2807,306536,306543
102,306544,306544
3212,306545,306573
1878,306574,306574
886,306575,306575
2123,306576,306577
7821,306578,309202
2775,309203,309221
912,309222,309222
2673,309223,309248
5200,309249,309250
467,309251,309335
2021,309336,309347
7346,309348,309348
4021,309349,309350
38,309351,309359
7803,309360,309364
6900,309365,309365
8883,309366,309396
8635,309397,309397
850,309398,309399
2655,309400,309400
1629,309401,309401
1089,309402,309403
6030,309404,309404
8837,309405,309405
4068,309406,309406
7457,309407,309407
6927,309408,309408
4381,309409,309410
2397,309411,309413
5095,309414,309414
6530,309415,309417
8904,309418,309418
5572,309419,309444
522,309445,309449
2870,309450,309452
6553,309453,309464
2607,309465,309480
4996,309481,309483
8351,309484,309506
4113,309507,309507
7368,309508,309509
1295,309510,309510
2062,309511,309512
4680,309513,309514
4743,309515,309515
5683,309516,309520
7407,309521,309522
6466,309523,309531
5347,309532,309533
5235,309534,309534
9384,309535,309535
7301,309536,309536
755,309537,309539
2620,309540,309540
8914,309541,309541
5889,309542,309543
4910,309544,309564
4393,309565,309578
4921,309579,309603
8662,309604,309604
983,309605,309608
4121,309609,309609
8580,309610,309611
1298,309612,309613
2763,309614,309615
8695,309616,309646
4820,309647,309660
5959,309661,309665
1688,309666,309667
6676,309668,309672
5137,309673,309673
4040,309674,309791
7773,309792,309797
4790,309798,309833
6309,309834,309845
9251,309846,309856
596,309857,309857
4323,309858,309858
6984,309859,309931
2420,309932,309965
6775,309966,309966
9583,309967,309996
3740,309997,309997
9605,309998,310001
43,310002,310002
9855,310003,310003
8631,310004,310004
9500,310005,310005
5322,310006,310006
4363,310007,310010
2836,310011,310011
8081,310012,310012
5488,310013,310016
8658,310017,310157
5811,310158,310274
2819,310275,310284
5997,310285,310286
1795,310287,310287
434,310288,310288
4233,310289,310348
3652,310349,310475
7627,310476,310612
6870,310613,310613
2532,310614,310615
7856,310616,310616
5528,310617,310618
4560,310619,310625
8572,310626,310626
8393,310627,310645
5491,310646,310671
5457,310672,310677
1107,310678,310750
6494,310751,310770
1555,310771,310773
1593,310774,310775
6410,310776,310780
8358,310781,310781
3797,310782,310782
2800,310783,310841
8626,310842,310849
126,310850,310858
6019,310859,310862
3257,310863,310868
190,310869,310875
1611,310876,310877
9993,310878,310880
8378,310881,310888
4359,310889,310889
9264,310890,310890
2526,310891,310899
5169,310900,310906
3649,310907,310908
2846,310909,310910
5178,310911,310916
5720,310917,310947
1552,310948,311089
9812,311090,311091
6836,311092,311103
2305,311104,311109
3902,311110,311116
6503,311117,311117
5360,311118,311128
9921,311129,311129
6203,311130,311132
8376,311133,311134
4303,311135,311147
1854,311148,311148
1452,311149,311251
111,311252,311259
1407,311260,311260
6414,311261,311261
5563,311262,311262
2105,311263,311271
5685,311272,311279
4252,311280,311285
7549,311286,311287
3763,311288,311299
5711,311300,311300
9303,311301,311301
5053,311302,311302
5081,311303,311303
5873,311304,311304
5220,311305,311305
6092,311306,311306
3898,311307,311308
1722,311309,311310
3719,311311,311311
5689,311312,311312
7708,311313,311313
4890,311314,311314
2921,311315,311315
7798,311316,311325
8855,311326,311329
9709,311330,311330
5504,311331,311331
656,311332,311333
4535,311334,311334
9916,311335,311335
9359,311336,311336
2544,311337,311337
4290,311338,311338
5767,311339,311339
6762,311340,311346
496,311347,311348
4428,311349,311349
563,311350,311351
3529,311352,311352
9129,311353,311360
1606,311361,311373
1477,311374,311376
9998,311377,311377
3670,311378,311378
9062,311379,311417
9068,311418,311535
8009,311536,311538
5157,311539,311542
6882,311543,311543
7185,311544,311544
732,311545,311549
5618,311550,311558
384,311559,311559
6330,311560,311560
2172,311561,311573
6959,311574,311574
5957,311575,311575
5829,311576,311621
2140,311622,311673
2051,311674,311674
158,311675,311675
4435,311676,311677
8357,311678,311684
1213,311685,311707
2185,311708,311708
8317,311709,311710
6663,311711,311712
5069,311713,311713
5206,311714,311760
9150,311761,311761
8707,311762,311762
9723,311763,311926
2457,311927,311928
5129,311929,311932
2220,311933,311933
6166,311934,311934
7571,311935,311952
6551,311953,311953
2991,311954,311954
8318,311955,311955
7213,311956,311957
8361,311958,311958
3022,311959,311962
4157,311963,311963
9652,311964,311965
960,311966,311966
9400,311967,311972
2138,311973,311982
9484,311983,311984
6689,311985,311985
5600,311986,311987
5581,311988,311988
515,311989,311989
676,311990,311990
5042,311991,311993
8136,311994,311995
1520,311996,312070
1358,312071,312074
1466,312075,312095
9936,312096,312096
6295,312097,312097
4061,312098,312098
9201,312099,312100
7488,312101,312106
3644,312107,312107
6519,312108,312108
5173,312109,312115
282,312116,312116
3663,312117,312117
4868,312118,312120
6038,312121,312122
2433,312123,312123
9727,312124,312124
3868,312125,312129
890,312130,312130
588,312131,312132
9019,312133,312133
3986,312134,312134
9967,312135,312135
120,312136,312136
3560,312137,312145
211,312146,312146
937,312147,312147
2297,312148,312148
3479,312149,312150
4079,312151,312151
6597,312152,312152
295,312153,312154
9923,312155,312156
543,312157,312157
1563,312158,312158
4136,312159,312161
7647,312162,312162
5038,312163,312163
9452,312164,312164
6505,312165,312169
4026,312170,312170
4259,312171,312171
4338,312172,312178
9015,312179,312179
1052,312180,312181
2175,312182,312182
7533,312183,312183
3630,312184,312184
4811,312185,312185
6264,312186,312186
5325,312187,312187
9708,312188,312194
60,312195,312196
4997,312197,312251
7983,312252,312255
6012,312256,312256
5134,312257,312257
6270,312258,312258
2478,312259,312259
2559,312260,312260
5797,312261,312272
357,312273,312283
2787,312284,312284
7159,312285,312285
3129,312286,312286
8517,312287,312465
2080,312466,312472
9079,312473,312473
5064,312474,312474
4124,312475,312477
6635,312478,312478
5434,312479,312480
1229,312481,312481
1312,312482,312482
6701,312483,312531
1285,312532,312549
2762,312550,312554
9661,312555,312556
7375,312557,312557
9692,312558,312559
6314,312560,312560
4438,312561,312564
2486,312565,312565
9029,312566,312581
9399,312582,312822
9338,312823,312877
5617,312878,312908
2974,312909,312924
778,312925,312931
4543,312932,312933
1024,312934,312935
1117,312936,312936
4281,312937,312937
2732,312938,312941
3172,312942,312970
8847,312971,312971
4391,312972,312972
3100,312973,312973
5933,312974,313008
2126,313009,313018
5520,313019,313019
9295,313020,313020
6675,313021,313021
9804,313022,313022
8677,313023,313023
5584,313024,313033
5902,313034,313035
1689,313036,313036
7127,313037,313039
1246,313040,313040
2534,313041,313042
5645,313043,313112
7420,313113,313116
7623,313117,313125
1595,313126,313131
3108,313132,313134
1256,313135,313136
6196,313137,313138
837,313139,313139
5478,313140,313206
6696,313207,313213
9669,313214,313223
9956,313224,313224
7847,313225,313226
601,313227,313228
6067,313229,313229
329,313230,313236
8170,313237,313238
1898,313239,313239
4938,313240,313240
4219,313241,313241
1809,313242,313242
4616,313243,313243
9012,313244,313253
725,313254,315155
9363,315156,316568
3588,316569,316939
2336,316940,317097
3972,317098,317116
4862,317117,317413
6926,317414,317419
6615,317420,317443
1339,317444,317461
818,317462,317464
8767,317465,317465
9939,317466,317467
9245,317468,317478
8682,317479,317481
1804,317482,317482
2560,317483,317483
1574,317484,317484
6172,317485,317485
7755,317486,317517
52,317518,317519
4866,317520,317521
7655,317522,317525
2116,317526,317532
1480,317533,317534
5507,317535,317536
5336,317537,317537
4683,317538,332278
9639,332279,332279
3084,332280,332297
1884,332298,332398
7381,332399,332406
6116,332407,332408
4117,332409,332474
7894,332475,332476
6670,332477,332478
5366,332479,332480
6279,332481,332507
8097,332508,332508
2183,332509,332523
3808,332524,332649
1355,332650,332657
6548,332658,332658
7483,332659,332659
2876,332660,332661
7994,332662,332663
3567,332664,332664
8511,332665,332665
3027,332666,332678
4595,332679,332682
1802,332683,332683
6273,332684,332684
8439,332685,332686
88,332687,332690
1095,332691,332691
2798,332692,332699
5582,332700,332703
2098,332704,332704
7817,332705,332705
4781,332706,332706
643,332707,332707
2279,332708,332711
8655,332712,332712
6266,332713,332717
5893,332718,332719
8236,332720,332722
2942,332723,332723
7066,332724,332728
360,332729,332732
2761,332733,332736
3220,332737,332738
722,332739,332740
2802,332741,332741
8021,332742,332753
7351,332754,332754
7534,332755,332756
5288,332757,332757
7484,332758,333821
5978,333822,334100
905,334101,334422
7919,334423,334425
5749,334426,334426
9739,334427,334428
6308,334429,334430
581,334431,334432
1317,334433,334446
557,334447,334450
5511,334451,334453
5513,334454,334464
5894,334465,334468
5938,334469,334469
6445,334470,334473
67,334474,334854
9540,334855,335015
6665,335016,335020
3012,335021,335024
9817,335025,335029
241,335030,335031
6855,335032,335037
4388,335038,335066
3539,335067,335131
2617,335132,335145
6708,335146,335147
9213,335148,335151
9381,335152,335165
3256,335166,335195
3576,335196,335262
1886,335263,335276
7830,335277,335286
9625,335287,335316
9440,335317,335317
8688,335318,335321
4400,335322,335327
4846,335328,335335
4410,335336,335339
5867,335340,335341
4339,335342,335344
5541,335345,335345
5590,335346,335346
1914,335347,335347
7015,335348,335348
3916,335349,335351
3266,335352,335352
9622,335353,335353
9978,335354,335354
1717,335355,335355
8450,335356,335357
5655,335358,335358
8936,335359,335359
6188,335360,335360
6537,335361,335361
1074,335362,335362
1461,335363,335377
547,335378,335416
3608,335417,335417
2924,335418,335422
1179,335423,335427
6851,335428,335445
3919,335446,335532
4674,335533,335543
1792,335544,335545
7946,335546,335546
8745,335547,335548
6061,335549,335571
1176,335572,335572
3115,335573,335573
1250,335574,335574
3968,335575,335651
5321,335652,335676
776,335677,335694
5832,335695,335695
2668,335696,335697
7486,335698,335704
6979,335705,335821
2814,335822,335841
6011,335842,335857
4197,335858,335868
6052,335869,335869
5135,335870,335870
4057,335871,335876
7667,335877,335877
5159,335878,335880
1451,335881,335881
3938,335882,335882
6888,335883,335883
3606,335884,335884
1636,335885,335885
6544,335886,335886
5609,335887,335887
4350,335888,335889
9358,335890,335892
9937,335893,335898
7058,335899,335901
1521,335902,335903
5802,335904,335908
9771,335909,335911
7143,335912,335924
6364,335925,335939
6688,335940,335940
5379,335941,335941
678,335942,335942
5646,335943,335943
5603,335944,335945
1329,335946,335946
1680,335947,335947
5352,335948,335948
6129,335949,335949
2179,335950,335950
2860,335951,335951
5907,335952,335952
6763,335953,335953
1752,335954,335954
5432,335955,336017
9749,336018,336068
5238,336069,336071
4279,336072,336072
3521,336073,336074
364,336075,336078
8732,336079,336085
5638,336086,336087
2975,336088,336088
1076,336089,336153
8822,336154,336164
2394,336165,336166
9014,336167,336167
6003,336168,336175
848,336176,336222
4423,336223,336223
8384,336224,336236
7591,336237,336270
3869,336271,336289
1697,336290,336307
5740,336308,336310
6773,336311,336314
1425,336315,336324
825,336325,336366
344,336367,336379
2873,336380,336596
5264,336597,336715
115,336716,336833
8181,336834,336843
5968,336844,336894
526,336895,336896
9544,336897,336904
9876,336905,337317
6453,337318,337387
5471,337388,337831
5493,337832,338787
7236,338788,340151
3611,340152,340194
6954,340195,340561
7340,340562,341950
7873,341951,341958
9926,341959,341960
21,341961,341969
5486,341970,341970
4239,341971,341971
3738,341972,341972
1833,341973,342065
1411,342066,342099
957,342100,342109
3810,342110,342111
8152,342112,342119
3042,342120,342120
5479,342121,342221
7396,342222,342225
504,342226,342227
9922,342228,342228
9330,342229,342230
6946,342231,342231
6161,342232,342238
6120,342239,342239
1982,342240,342240
7747,342241,342242
4632,342243,342243
9800,342244,342255
7177,342256,342256
2151,342257,342257
1815,342258,342277
1495,342278,342279
7192,342280,344384
7187,344385,344385
6350,344386,344391
8432,344392,344446
2980,344447,344456
2065,344457,344471
5128,344472,344473
8870,344474,344529
1182,344530,344542
262,344543,344545
3235,344546,344550
4690,344551,344551
1181,344552,344555
6463,344556,344556
7181,344557,344557
5554,344558,344558
9164,344559,344560
2381,344561,344561
307,344562,344568
8556,344569,344569
5588,344570,344571
4876,344572,344572
1553,344573,344577
4059,344578,344753
5092,344754,344775
5438,344776,344776
1131,344777,344778
9889,344779,344779
3946,344780,344780
2740,344781,344786
250,344787,344823
8016,344824,344824
7393,344825,344832
4874,344833,344833
5693,344834,344839
6227,344840,344840
2456,344841,344841
8191,344842,344842
8374,344843,344843
1524,344844,344844
9645,344845,344845
4049,344846,344847
3926,344848,344848
2313,344849,344853
8479,344854,344856
6723,344857,344865
9996,344866,344873
7776,344874,344887
9827,344888,344988
1188,344989,344999
1888,345000,345007
5138,345008,345018
9406,345019,345019
3365,345020,345032
3867,345033,345035
113,345036,345038
6976,345039,345039
3860,345040,345061
8803,345062,345119
639,345120,345141
9437,345142,345156
6744,345157,345158
9656,345159,345162
2099,345163,345163
4767,345164,345165
8526,345166,345166
598,345167,345167
2719,345168,345170
1571,345171,345176
2298,345177,345177
3525,345178,345178
5593,345179,345179
9529,345180,345210
948,345211,345213
5349,345214,345224
749,345225,345225
3985,345226,345226
6173,345227,345227
5614,345228,345229
8871,345230,345232
7448,345233,345234
8947,345235,345235
3331,345236,345245
7893,345246,345265
7929,345266,345266
2997,345267,345267
2536,345268,345268
4893,345269,345269
5482,345270,345270
2265,345271,345271
7925,345272,345288
2989,345289,345290
9315,345291,345292
8874,345293,345293
4840,345294,346398
4170,346399,346404
5209,346405,346405
3886,346406,346407
3601,346408,347460
178,347461,348025
2393,348026,348028
2287,348029,348029
236,348030,348049
6982,348050,348050
1334,348051,348119
4188,348120,348122
3828,348123,348124
4793,348125,348125
1242,348126,348127
7494,348128,348131
6800,348132,348155
9527,348156,348156
1248,348157,348157
2521,348158,348309
8997,348310,348310
3414,348311,348389
2243,348390,348432
7696,348433,348433
3524,348434,348434
9319,348435,348435
2460,348436,348464
4700,348465,348465
8326,348466,348469
3412,348470,348472
8272,348473,348473
5634,348474,348474
5141,348475,348478
6792,348479,348482
4878,348483,348483
650,348484,348484
3662,348485,348485
3561,348486,348502
9612,348503,348503
5561,348504,348504
5620,348505,348508
3448,348509,348509
9627,348510,348512
9309,348513,348517
2170,348518,348518
3831,348519,348521
3169,348522,348522
8538,348523,348523
1997,348524,348531
9266,348532,348534
9378,348535,348538
3618,348539,348539
296,348540,348541
891,348542,348542
5301,348543,348543
3165,348544,348554
4129,348555,348555
2675,348556,348560
9273,348561,348561
2278,348562,349415
2530,349416,349584
405,349585,349779
3747,349780,349814
4506,349815,349913
7995,349914,349933
4753,349934,349934
6866,349935,350056
9119,350057,350160
6938,350161,350220
2953,350221,350221
4766,350222,350456
4832,350457,350918
359,350919,351238
4665,351239,352101
6549,352102,353710
71,353711,354016
5428,354017,354326
8529,354327,354659
8403,354660,355032
723,355033,355184
9412,355185,355213
1823,355214,355214
4489,355215,355571
8740,355572,355706
681,355707,355707
3610,355708,355716
3992,355717,355717
1327,355718,355718
5338,355719,355800
9607,355801,355802
12,355803,355803
3693,355804,356062
7662,356063,356121
9182,356122,356165
266,356166,356245
2221,356246,356253
3190,356254,356258
2365,356259,356266
6244,356267,356267
670,356268,356271
2637,356272,357724
2436,357725,358417
9522,358418,358490
9472,358491,358522
4455,358523,358532
901,358533,358533
1727,358534,358582
5407,358583,358583
7133,358584,358639
4738,358640,358689
7911,358690,358715
1210,358716,358717
2995,358718,358718
687,358719,362803
9571,362804,364900
9137,364901,365816
9202,365817,366046
4815,366047,366712
3526,366713,366714
7802,366715,366724
7831,366725,366727
8095,366728,366728
9025,366729,366731
5532,366732,366732
7765,366733,367601
6817,367602,367643
3262,367644,367647
9130,367648,367671
3544,367672,367681
4724,367682,367682
4891,367683,367684
8892,367685,367685
2007,367686,367687
3283,367688,367689
4048,367690,367690
6145,367691,367694
3469,367695,367702
2706,367703,367720
2566,367721,367721
660,367722,367722
8918,367723,367726
9026,367727,367727
276,367728,367728
4067,367729,367729
9099,367730,367730
2022,367731,367731
1152,367732,367732
3684,367733,367733
5676,367734,367734
5560,367735,367737
4992,367738,367741
7468,367742,367747
4134,367748,367827
4805,367828,367857
7061,367858,367868
6393,367869,367871
8325,367872,367886
5842,367887,367896
6568,367897,367899
7542,367900,367900
6805,367901,367901
7508,367902,367902
4773,367903,367903
3516,367904,367945
8462,367946,367984
6971,367985,368011
1910,368012,368430
3906,368431,368438
1441,368439,368445
4000,368446,368446
2303,368447,368447
8752,368448,368878
463,368879,369008
9988,369009,369093
4912,369094,369163
51,369164,369188
324,369189,369196
9728,369197,369197
1099,369198,369198
6533,369199,369214
7630,369215,369245
5878,369246,369257
7881,369258,369287
3625,369288,369299
7689,369300,369312
9748,369313,369314
1976,369315,369315
4205,369316,369319
162,369320,369320
5429,369321,369321
2332,369322,369322
1718,369323,369347
5368,369348,369351
398,369352,369356
5722,369357,370574
9903,370575,370955
3051,370956,371068
3535,371069,371087
2742,371088,371105
2871,371106,371106
1059,371107,371250
9966,371251,371285
8381,371286,371289
5285,371290,372529
5267,372530,372562
3183,372563,372883
2372,372884,372885
99,372886,372944
3053,372945,372951
447,372952,372982
3853,372983,372985
7297,372986,372987
3552,372988,372991
9205,372992,373005
6640,373006,373011
638,373012,373014
9004,373015,373016
4854,373017,373017
1215,373018,373174
406,373175,373374
4081,373375,373460
7026,373461,373463
539,373464,373469
8117,373470,373471
3352,373472,373472
1267,373473,373474
5642,373475,373487
2897,373488,373493
7702,373494,373494
2851,373495,373581
6402,373582,373582
8806,373583,373587
1331,373588,373589
8592,373590,373590
2257,373591,373591
3669,373592,373622
7883,373623,373623
1546,373624,373624
5323,373625,373770
3372,373771,373771
57,373772,373772
590,373773,373777
7774,373778,373964
7605,373965,374107
9044,374108,374117
8553,374118,374188
5880,374189,374201
9420,374202,374284
9829,374285,374330
2346,374331,374350
8245,374351,374372
877,374373,374683
2409,374684,374711
6473,374712,374796
87,374797,374802
460,374803,374809
2662,374810,374811
6748,374812,374812
8880,374813,374825
5273,374826,374827
2066,374828,374829
9838,374830,374831
24,374832,374834
6872,374835,374892
1686,374893,374898
5921,374899,374899
53,374900,374917
984,374918,374930
1504,374931,374946
1862,374947,374948
4533,374949,374988
5147,374989,375001
9404,375002,375003
2824,375004,375004
1811,375005,375015
1365,375016,375046
3385,375047,375053
2333,375054,375055
1831,375056,375056
574,375057,375057
1755,375058,375059
3971,375060,375060
8552,375061,375061
284,375062,375062
6475,375063,375063
3160,375064,375078
5450,375079,375090
1433,375091,375093
1475,375094,375094
6219,375095,375095
7905,375096,375104
8814,375105,375107
6725,375108,375109
7204,375110,375114
4131,375115,375116
3472,375117,375119
1936,375120,375127
7262,375128,375134
3136,375135,375147
5892,375148,375149
7938,375150,375150
7476,375151,375151
5110,375152,375152
7514,375153,375153
9551,375154,375156
141,375157,375157
4405,375158,375158
7473,375159,375159
9283,375160,375190
8036,375191,375192
5958,375193,375193
3425,375194,375194
128,375195,375198
5539,375199,375221
6130,375222,375223
7649,375224,375226
976,375227,375227
5901,375228,375235
2752,375236,375236
9174,375237,375242
4590,375243,375254
9592,375255,375255
996,375256,375256
9530,375257,375258
9147,375259,375259
3893,375260,375263
2515,375264,375272
9853,375273,375274
7195,375275,375275
1379,375276,375276
2947,375277,375277
1839,375278,375279
7604,375280,375280
6699,375281,375281
152,375282,375282
9920,375283,375283
873,375284,375284
7239,375285,375289
2074,375290,375307
5022,375308,375308
5076,375309,375312
2016,375313,375314
1096,375315,375315
3176,375316,375330
1369,375331,375331
4671,375332,375336
4653,375337,375341
9935,375342,375343
9108,375344,375346
2977,375347,375641
1058,375642,375654
1450,375655,375663
9589,375664,375714
2406,375715,375715
1572,375716,375716
3473,375717,375717
9879,375718,375718
6269,375719,375719
621,375720,375720
7232,375721,375721
3466,375722,375729
6869,375730,375731
1660,375732,375732
1973,375733,375735
7199,375736,375736
928,375737,375737
9368,375738,375738
6338,375739,375739
756,375740,375740
8974,375741,375743
5592,375744,375745
4305,375746,375746
9814,375747,375747
7081,375748,375749
9917,375750,375751
6276,375752,375752
9265,375753,375881
187,375882,375929
5818,375930,376076
5030,376077,376104
3746,376105,376115
1162,376116,376143
4500,376144,376150
7147,376151,376152
9665,376153,376153
1529,376154,376174
3102,376175,376177
9769,376178,376180
1544,376181,376181
4857,376182,376329
4823,376330,376330
8637,376331,376331
7437,376332,376590
4355,376591,376591
8652,376592,376593
9321,376594,376599
4280,376600,376603
9852,376604,376606
4860,376607,376607
1313,376608,376608
1971,376609,376610
2505,376611,376614
3935,376615,376639
3714,376640,376641
4054,376642,376642
9633,376643,376643
1459,376644,376645
146,376646,376646
5989,376647,376647
2474,376648,376760
389,376761,376769
2734,376770,376792
137,376793,376823
671,376824,376854
5460,376855,376863
4654,376864,376895
3841,376896,376901
3830,376902,376905
6848,376906,376906
5430,376907,376908
7909,376909,376910
2628,376911,376945
8391,376946,376953
485,376954,376954
9467,376955,376986
8443,376987,376989
5723,376990,377037
1211,377038,377581
9337,377582,377582
9915,377583,377603
4808,377604,377605
4336,377606,377606
2531,377607,377609
7400,377610,377610
8090,377611,377633
9848,377634,377644
2853,377645,377651
6705,377652,377652
8967,377653,377653
3542,377654,377654
5610,377655,377655
3058,377656,377656
5743,377657,377657
5552,377658,377658
7257,377659,377659
8259,377660,377662
4789,377663,377666
8279,377667,377679
9545,377680,377682
3338,377683,377694
6734,377695,377695
735,377696,377697
8919,377698,377698
2389,377699,377699
6921,377700,377700
1922,377701,377740
7203,377741,377743
3274,377744,377751
995,377752,377752
9234,377753,377759
2328,377760,377760
5392,377761,377761
7819,377762,377769
1920,377770,377770
5131,377771,377772
157,377773,377773
2070,377774,377774
6865,377775,377775
6213,377776,377776
610,377777,377777
5290,377778,377779
358,377780,377780
5551,377781,377781
8859,377782,377785
9784,377786,377788
4411,377789,377790
8164,377791,377791
2580,377792,377792
4669,377793,377793
9372,377794,377980
4083,377981,378046
4165,378047,378051
5222,378052,378052
7249,378053,378065
4414,378066,378075
7748,378076,378080
1591,378081,378081
4873,378082,378086
4626,378087,378090
8347,378091,378148
5227,378149,378164
4266,378165,378168
6499,378169,378276
3023,378277,378277
7706,378278,378390
4824,378391,378454
3800,378455,378461
1416,378462,378462
7553,378463,378463
8421,378464,378465
6259,378466,378467
6751,378468,378494
808,378495,378498
6834,378499,378539
2904,378540,378540
4505,378541,378549
3683,378550,378617
8999,378618,378626
9581,378627,378628
1482,378629,378630
4089,378631,378642
6915,378643,378644
8162,378645,378646
6750,378647,378649
5084,378650,378651
4821,378652,378653
4345,378654,378654
2464,378655,378657
5376,378658,378658
182,378659,378659
7242,378660,378667
3707,378668,378669
7548,378670,378673
395,378674,378674
9767,378675,378675
3321,378676,378676
2725,378677,378677
8692,378678,378679
9387,378680,378680
7490,378681,378683
4541,378684,378684
9229,378685,378686
176,378687,378693
9964,378694,378694
1874,378695,378695
3430,378696,378696
4917,378697,378700
919,378701,378701
5651,378702,378705
4518,378706,378706
2082,378707,378829
6091,378830,378858
9238,378859,378859
9666,378860,378860
7653,378861,378861
6004,378862,378869
1145,378870,378873
2010,378874,378879
9324,378880,378880
8230,378881,378881
7398,378882,378882
3565,378883,378908
1140,378909,378918
9294,378919,378924
7814,378925,378925
7022,378926,378939
6489,378940,378941
3676,378942,378943
3543,378944,378945
1013,378946,378953
708,378954,378954
2789,378955,378955
1241,378956,378960
8755,378961,378961
916,378962,378963
5668,378964,378964
5239,378965,378987
2973,378988,378991
8986,378992,378993
2155,378994,378995
8872,378996,378999
3651,379000,379062
8020,379063,379063
9091,379064,379066
9300,379067,379068
2141,379069,379073
8148,379074,379084
9463,379085,379088
5409,379089,379089
8896,379090,379107
9602,379108,379116
5105,379117,379117
1728,379118,379118
6286,379119,379120
2284,379121,379130
2083,379131,379132
9943,379133,379133
3668,379134,379134
9615,379135,379135
2537,379136,379136
6214,379137,379141
3700,379142,379142
3281,379143,379144
3107,379145,379146
4464,379147,379149
3275,379150,379166
726,379167,379178
3246,379179,379179
1292,379180,379180
6168,379181,379181
5345,379182,379186
8398,379187,379193
6483,379194,379194
3806,379195,384890
5225,384891,384891
599,384892,384894
9694,384895,384895
3009,384896,384897
7866,384898,384915
294,384916,384923
5398,384924,384924
1960,384925,384926
5068,384927,384927
3840,384928,384928
487,384929,384930
9614,384931,384933
7657,384934,384938
6361,384939,384939
1762,384940,384941
8388,384942,384943
4504,384944,384944
5469,384945,384945
2119,384946,384946
7469,384947,385004
4422,385005,385005
8382,385006,385027
2399,385028,385028
1106,385029,385029
2354,385030,385030
1464,385031,385044
5312,385045,385051
799,385052,385058
579,385059,385061
8841,385062,385062
5330,385063,385078
1531,385079,385079
1103,385080,385080
8475,385081,385108
3943,385109,385115
8983,385116,385116
3984,385117,385123
2801,385124,385124
594,385125,385127
3910,385128,385128
914,385129,385130
2005,385131,385133
2797,385134,385136
6517,385137,385137
9636,385138,385138
5871,385139,385139
1465,385140,385156
8532,385157,385157
1113,385158,385158
6797,385159,385159
4,385160,385161
5926,385162,385162
468,385163,385168
6990,385169,385172
3590,385173,385174
8684,385175,385179
806,385180,385181
6000,385182,385191
3463,385192,385196
1813,385197,385201
9160,385202,385202
7955,385203,385203
2405,385204,385205
7971,385206,385206
8141,385207,385207
227,385208,385208
5458,385209,385226
8760,385227,385227
8442,385228,385228
3462,385229,385231
8159,385232,385232
6795,385233,385234
1633,385235,385236
7150,385237,385239
8076,385240,385242
109,385243,385253
5279,385254,385254
7046,385255,385258
8656,385259,385259
3005,385260,385260
9995,385261,385261
2371,385262,385262
6586,385263,385266
9888,385267,385267
1406,385268,385268
6359,385269,385449
6017,385450,385454
3399,385455,385570
537,385571,385593
7290,385594,385598
1782,385599,385603
7573,385604,385606
7780,385607,385612
865,385613,385613
1219,385614,385619
1696,385620,385620
3198,385621,385621
4094,385622,385622
1758,385623,385623
382,385624,385624
3360,385625,385625
6437,385626,385626
826,385627,385627
1320,385628,385628
1420,385629,385629
7693,385630,385684
7091,385685,386032
9668,386033,386670
9925,386671,386728
3194,386729,386733
6358,386734,386734
4784,386735,386874
6710,386875,386959
3400,386960,387022
181,387023,387056
45,387057,387058
9248,387059,387059
4028,387060,387061
461,387062,388602
705,388603,388623
356,388624,388670
4645,388671,388683
4492,388684,388689
3008,388690,388702
9237,388703,388746
1496,388747,388779
8754,388780,388781
9394,388782,388783
1640,388784,388796
4604,388797,388797
7079,388798,388798
6703,388799,388799
7788,388800,388801
6871,388802,388810
7082,388811,388811
5512,388812,388826
8713,388827,388857
1917,388858,388876
3937,388877,388877
2033,388878,388878
9997,388879,388881
4002,388882,388882
6732,388883,388883
4342,388884,388886
8952,388887,388887
3780,388888,388888
7626,388889,388889
5622,388890,388890
6656,388891,388891
8049,388892,388892
3298,388893,388894
7583,388895,388899
9206,388900,388900
5031,388901,388901
6419,388902,388903
8863,388904,388920
6041,388921,388921
5904,388922,388922
7269,388923,388925
9808,388926,388926
6195,388927,388965
2551,388966,388975
2971,388976,388976
7361,388977,388987
7691,388988,388988
2226,388989,388989
6223,388990,389108
1612,389109,389132
3954,389133,389260
8034,389261,389261
1122,389262,389264
7480,389265,389265
2558,389266,389282
783,389283,389283
9211,389284,389284
1192,389285,389286
8726,389287,389287
4966,389288,389290
1644,389291,389292
1909,389293,389293
2709,389294,389294
9110,389295,389295
8697,389296,389356
2112,389357,389357
8670,389358,389358
6284,389359,389362
7952,389363,389365
2561,389366,389366
2068,389367,389367
2770,389368,389368
9717,389369,389369
7576,389370,389370
8751,389371,389379
3871,389380,389385
85,389386,389400
3337,389401,389401
3637,389402,389402
7489,389403,389403
17,389404,389404
6057,389405,389405
4544,389406,389406
3196,389407,389417
1000,389418,389442
577,389443,389444
909,389445,389464
422,389465,389473
1336,389474,389506
5357,389507,389559
7009,389560,389560
9715,389561,389571
2191,389572,390402
4904,390403,390403
6205,390404,390404
4740,390405,390408
3404,390409,390411
6687,390412,390412
6965,390413,390445
6994,390446,390521
3141,390522,390530
5176,390531,390533
9275,390534,390536
6491,390537,390537
1159,390538,390538
2678,390539,390540
3647,390541,390541
3582,390542,390542
1778,390543,390553
1637,390554,390561
9494,390562,390564
1706,390565,390566
9416,390567,390567
5882,390568,390568
5410,390569,390569
3197,390570,390571
5538,390572,390574
8429,390575,390575
9092,390576,390582
3701,390583,390583
4538,390584,390588
6886,390589,390598
4524,390599,390599
839,390600,390601
1875,390602,390602
9930,390603,390603
5021,390604,390604
219,390605,390607
4894,390608,390610
6063,390611,390615
2471,390616,390616
7318,390617,390617
8787,390618,390618
8939,390619,390622
9573,390623,390627
9517,390628,390628
3614,390629,390632
809,390633,390633
8185,390634,390665
990,390666,390671
8431,390672,390672
5233,390673,390673
4567,390674,390676
3213,390677,390677
8121,390678,390707
1437,390708,390708
1481,390709,390747
4758,390748,390748
6601,390749,390749
9499,390750,390750
8899,390751,390751
6966,390752,390752
1205,390753,390757
7951,390758,390767
9604,390768,390768
5117,390769,390769
9304,390770,390771
306,390772,390773
6263,390774,390775
3691,390776,390776
3149,390777,390789
7344,390790,390791
8522,390792,390799
6469,390800,390808
5967,390809,390809
8991,390810,390811
3580,390812,390812
1020,390813,390813
661,390814,390814
3255,390815,390827
9168,390828,390828
4482,390829,390829
1157,390830,390835
8440,390836,390837
470,390838,390843
3355,390844,390872
2998,390873,390943
727,390944,390960
5526,390961,390962
2659,390963,390979
8802,390980,390981
3634,390982,390984
3538,390985,390985
2245,390986,390988
8155,390989,391005
1507,391006,391007
675,391008,391013
6054,391014,391014
4539,391015,391016
1800,391017,391025
3409,391026,391037
4717,391038,391046
9809,391047,391051
8208,391052,391065
5214,391066,391068
1350,391069,391072
5043,391073,391073
6139,391074,391074
4318,391075,391076
2137,391077,391077
5408,391078,391134
4177,391135,391135
7266,391136,391136
3569,391137,391142
8189,391143,391143
766,391144,391144
628,391145,391145
6778,391146,391146
8041,391147,391147
8201,391148,391181
193,391182,391186
8736,391187,391188
5047,391189,391189
6234,391190,391197
4991,391198,391217
9146,391218,391218
7338,391219,391221
8336,391222,391223
2207,391224,391317
8721,391318,391324
347,391325,391325
4830,391326,391326
7537,391327,391328
6611,391329,391329
5005,391330,391331
122,391332,391332
2003,391333,391333
3586,391334,391334
2344,391335,391335
429,391336,391434
7503,391435,391435
8008,391436,391442
974,391443,391444
5448,391445,391445
7376,391446,391446
9792,391447,391448
4445,391449,391454
9895,391455,391455
1948,391456,391456
7580,391457,391457
4812,391458,391458
9734,391459,391460
4430,391461,391463
9931,391464,391464
6718,391465,391465
5810,391466,391512
6169,391513,391515
3825,391516,391519
6005,391520,391520
5951,391521,391522
9650,391523,391531
6460,391532,391534
6739,391535,391550
1649,391551,391552
1305,391553,391554
1946,391555,391561
2272,391562,391566
6686,391567,391567
528,391568,391568
1599,391569,391569
1832,391570,391574
9022,391575,391575
2231,391576,391597
4722,391598,391639
1872,391640,391662
8383,391663,391663
3839,391664,391666
9336,391667,391667
5266,391668,391668
619,391669,391669
4949,391670,391671
8371,391672,391674
2492,391675,391677
3442,391678,391678
341,391679,391679
1338,391680,391681
2674,391682,391684
3308,391685,391685
4203,391686,391686
7513,391687,391691
7134,391692,391698
757,391699,391700
3316,391701,391701
6754,391702,391705
988,391706,391709
6403,391710,391713
8263,391714,391718
9932,391719,391737
8386,391738,391752
5686,391753,391753
9785,391754,391754
5682,391755,391756
2049,391757,391758
2748,391759,391759
635,391760,391764
4569,391765,391769
1255,391770,391770
1901,391771,391771
9507,391772,391772
2585,391773,391773
4613,391774,391774
1245,391775,391775
5630,391776,391776
8237,391777,391778
5335,391779,391789
4926,391790,391790
8428,391791,391791
268,391792,391793
94,391794,391799
103,391800,391801
4029,391802,391803
8441,391804,391836
2121,391837,391837
4364,391838,391838
6360,391839,391839
251,391840,391840
6802,391841,391841
8785,391842,391842
7842,391843,391864
7036,391865,391865
1585,391866,391866
7665,391867,391867
4047,391868,391868
9362,391869,391869
9183,391870,393727
7530,393728,393728
8305,393729,408312
4181,408313,411799
1153,411800,411807
5293,411808,411810
203,411811,411812
6625,411813,413971
1142,413972,414049
6302,414050,414141
9674,414142,414161
918,414162,414162
7539,414163,414169
9278,414170,447888
9543,447889,456446
2591,456447,456448
3293,456449,456450
2750,456451,456452
2865,456453,456457
803,456458,456458
4022,456459,457863
791,457864,460390
5485,460391,461408
1136,461409,463280
2601,463281,464891
7450,464892,464901
8976,464902,464904
7807,464905,464905
7152,464906,464906
6342,464907,464907
9109,464908,471905
277,471906,472050
2234,472051,473165
7392,473166,473169
8593,473170,473182
249,473183,473183
8551,473184,473184
7429,473185,473185
7944,473186,473186
3025,473187,473415
6392,473416,473911
8977,473912,474064
7558,474065,474080
9536,474081,474082
4787,474083,474086
6573,474087,474087
8738,474088,474093
6771,474094,474120
7170,474121,474121
1754,474122,474129
9207,474130,474130
7869,474131,474131
4349,474132,474133
3961,474134,474314
9270,474315,475043
9557,475044,475044
7648,475045,475064
4715,475065,475065
3979,475066,475066
4009,475067,475072
7045,475073,475088
1438,475089,475098
2602,475099,475099
2557,475100,475152
3033,475153,475153
5236,475154,475154
5975,475155,475155
6039,475156,475156
6827,475157,475162
5073,475163,475164
3318,475165,475171
9802,475172,475176
322,475177,475177
5287,475178,475186
7522,475187,475234
8988,475235,475242
6126,475243,475243
780,475244,475289
6307,475290,475365
4156,475366,475377
5775,475378,475382
6993,475383,475383
2929,475384,475384
6898,475385,475387
9209,475388,475405
8742,475406,475406
724,475407,475407
4918,475408,475411
6331,475412,475419
3661,475420,475420
972,475421,475422
6722,475423,475426
1289,475427,475429
5702,475430,475433
7688,475434,475434
2513,475435,475436
8807,475437,475437
5543,475438,475440
3820,475441,475441
2351,475442,475447
9620,475448,475450
6594,475451,475451
5202,475452,475452
4392,475453,475453
8331,475454,475454
8534,475455,475476
8533,475477,475477
6922,475478,475483
7945,475484,475507
41,475508,475540
2549,475541,475576
3889,475577,475583
3440,475584,475584
4379,475585,475585
8151,475586,475587
5621,475588,475588
7155,475589,475589
450,475590,475590
9711,475591,475595
4300,475596,475596
8825,475597,475597
6759,475598,475608
3358,475609,475613
451,475614,475614
6764,475615,475615
4633,475616,475617
9819,475618,475620
5605,475621,475621
4130,475622,475622
2606,475623,475623
4855,475624,475624
9071,475625,475626
2758,475627,475628
6254,475629,475643
3514,475644,476105
8399,476106,476122
6542,476123,476132
6150,476133,476144
7967,476145,476149
2826,476150,476150
4267,476151,476151
7011,476152,476158
6659,476159,476162
4160,476163,476163
4012,476164,476164
6983,476165,481739
9473,481740,481759
5939,481760,481762
6790,481763,481763
4835,481764,481790
740,481791,481800
125,481801,481815
665,481816,481819
6524,481820,481824
2154,481825,481825
1785,481826,481865
3977,481866,481896
2084,481897,481899
876,481900,481905
9979,481906,481906
2443,481907,481907
293,481908,481909
2816,481910,481914
2667,481915,481915
2026,481916,482107
9087,482108,482182
5640,482183,482183
9953,482184,482198
2711,482199,482200
973,482201,482284
8470,482285,482285
6899,482286,482288
9750,482289,482289
2756,482290,482292
3461,482293,482293
7454,482294,482295
4650,482296,482296
8564,482297,482297
6321,482298,482298
567,482299,482299
9371,482300,482304
1401,482305,482306
8458,482307,482312
5459,482313,482429
4565,482430,482430
7646,482431,482433
9873,482434,482434
7198,482435,482495
2786,482496,482496
692,482497,482497
1638,482498,482498
6074,482499,482499
8741,482500,482500
5295,482501,482502
6824,482503,482507
8600,482508,482513
9742,482514,482522
3057,482523,482523
7980,482524,482524
367,482525,482525
3180,482526,482535
8477,482536,482544
3428,482545,482546
4304,482547,482547
8948,482548,482548
1895,482549,482550
4356,482551,482575
4897,482576,482577
3716,482578,482578
1533,482579,482579
7268,482580,482580
7732,482581,482581
165,482582,482582
374,482583,482585
7585,482586,482586
2431,482587,482587
4842,482588,482588
4525,482589,482589
729,482590,483487
720,483488,483554
7875,483555,483565
5431,483566,483566
4649,483567,483567
9455,483568,483568
8414,483569,483571
9821,483572,483576
2027,483577,483577
1781,483578,483579
3622,483580,483582
5607,483583,483585
7637,483586,483586
297,483587,483587
8330,483588,483589
9757,483590,483590
1373,483591,483592
9088,483593,483593
8565,483594,483594
7908,483595,483595
6372,483596,483596
1487,483597,483597
6930,483598,483598
4549,483599,483599
6525,483600,483600
3783,483601,483602
576,483603,483603
696,483604,483604
7112,483605,483605
7307,483606,483606
124,483607,483607
19,483608,483608
8131,483609,483609
8226,483610,483610
555,483611,483613
6545,483614,483615
2466,483616,483616
140,483617,483618
5738,483619,483619
6847,483620,483621
2012,483622,483625
258,483626,483627
2792,483628,483631
8265,483632,483636
4296,483637,483637
318,483638,483641
1049,483642,483642
6248,483643,483643
9560,483644,483648
4376,483649,483649
9465,483650,483650
4945,483651,483652
3989,483653,483654
3332,483655,483655
597,483656,483656
4939,483657,483660
6844,483661,483665
8194,483666,483667
2426,483668,483668
1869,483669,483669
5231,483670,483670
3817,483671,483671
7254,483672,483672
1857,483673,483673
2438,483674,483674
6960,483675,483675
2962,483676,483676
1674,483677,483816
911,483817,483827
8804,483828,483836
1699,483837,483837
1829,483838,483857
7527,483858,483860
2304,483861,483862
442,483863,483863
4223,483864,483864
9030,483865,483865
8646,483866,484132
8603,484133,484171
9866,484172,484253
9204,484254,484348
3134,484349,484355
5503,484356,484386
7311,484387,484389
8445,484390,484394
4972,484395,484563
8666,484564,484583
9483,484584,484585
6864,484586,484586
652,484587,484587
5970,484588,484590
938,484591,484591
2289,484592,484592
2373,484593,484629
3748,484630,484632
9952,484633,484657
8510,484658,484663
4907,484664,484666
5447,484667,484946
9621,484947,484947
5763,484948,484948
2050,484949,484949
3507,484950,484951
5254,484952,484957
4519,484958,484960
257,484961,484980
9423,484981,485161
4978,485162,485212
2972,485213,485213
3289,485214,485214
4861,485215,485239
1088,485240,485242
6190,485243,485243
6312,485244,485248
6652,485249,485250
440,485251,485263
7171,485264,485267
1656,485268,485269
3645,485270,485271
3137,485272,485273
6020,485274,485275
3836,485276,485360
7741,485361,485361
7900,485362,485374
6821,485375,485378
7069,485379,485379
3086,485380,485380
9844,485381,485381
7761,485382,485386
5276,485387,485387
6957,485388,485388
7671,485389,485394
1547,485395,485400
4847,485401,485402
2097,485403,485408
3336,485409,485423
4250,485424,485462
1791,485463,485463
1134,485464,485467
5245,485468,485468
2661,485469,485471
4746,485472,485472
2054,485473,485473
9490,485474,485474
8819,485475,485475
7107,485476,485476
6801,485477,485479
4016,485480,485480
7984,485481,485481
5987,485482,485482
7076,485483,485483
8827,485484,485486
7495,485487,485487
1286,485488,485489
5219,485490,485490
867,485491,485497
674,485498,485498
7072,485499,485499
7578,485500,485501
1581,485502,485510
3335,485511,485513
6495,485514,485517
9166,485518,485523
4605,485524,485524
1871,485525,485526
8227,485527,485529
8708,485530,485535
5453,485536,485537
1160,485538,485538
6760,485539,485540
5709,485541,485543
6027,485544,485544
1308,485545,485551
5310,485552,485552
802,485553,485553
6939,485554,485559
6156,485560,485572
736,485573,485575
9874,485576,485584
2712,485585,485599
6521,485600,485601
1787,485602,485603
706,485604,485604
3863,485605,485608
7725,485609,485614
8833,485615,485616
6440,485617,485617
7939,485618,485619
118,485620,485623
7333,485624,485624
2634,485625,485625
2878,485626,485626
6280,485627,485628
6667,485629,485630
655,485631,485632
7943,485633,485633
8585,485634,485636
7496,485637,485648
6559,485649,485650
1243,485651,485652
7298,485653,485655
3268,485656,485656
6201,485657,485657
231,485658,485658
4183,485659,485701
7212,485702,485714
5297,485715,485718
8820,485719,485722
659,485723,485724
5216,485725,485789
4914,485790,485790
3970,485791,485791
2400,485792,485800
4769,485801,485801
7233,485802,485802
7679,485803,485803
466,485804,485805
4365,485806,485806
746,485807,485808
1168,485809,485810
4795,485811,485811
3486,485812,485812
9559,485813,485813
7825,485814,485815
9255,485816,485816
6291,485817,485820
9069,485821,485821
8923,485822,485822
8210,485823,485823
3547,485824,485824
7443,485825,485825
484,485826,485826
8035,485827,485827
3144,485828,485828
7458,485829,485829
7183,485830,485830
6513,485831,485831
5750,485832,485832
807,485833,485833
6928,485834,485834
5190,485835,485835
9549,485836,485836
5296,485837,485841
5845,485842,485844
6714,485845,485845
302,485846,485849
7735,485850,485855
3729,485856,485856
3790,485857,485860
9677,485861,485861
6226,485862,485862
3439,485863,485864
4001,485865,485865
2216,485866,485866
7175,485867,485868
4390,485869,485869
6952,485870,485870
4148,485871,485871
58,485872,486026
3604,486027,486105
2498,486106,486106
838,486107,486107
3251,486108,486108
9078,486109,486119
4231,486120,486122
2415,486123,486126
9082,486127,486132
6974,486133,486152
8306,486153,486173
1508,486174,486176
7785,486177,486184
5522,486185,486185
2144,486186,486187
2317,486188,486188
2737,486189,486210
5995,486211,486212
3415,486213,486214
7310,486215,486215
7781,486216,486217
8042,486218,486218
4899,486219,486220
4254,486221,486222
4956,486223,486223
3528,486224,486226
7687,486227,486227
6907,486228,486298
6326,486299,486327
3492,486328,486328
2229,486329,486333
993,486334,486336
1911,486337,486338
5121,486339,486339
1111,486340,486369
5023,486370,486371
1732,486372,486373
5411,486374,486382
4637,486383,486383
9152,486384,486385
582,486386,486386
4721,486387,486389
207,486390,486390
9468,486391,486392
2847,486393,486435
8395,486436,486441
7096,486442,486443
9034,486444,486444
2986,486445,486446
7910,486447,486450
9913,486451,486451
4004,486452,486452
2166,486453,486455
730,486456,486467
4152,486468,486471
3121,486472,486472
6758,486473,486473
9702,486474,486474
6417,486475,486476
6313,486477,486477
710,486478,486478
4399,486479,486479
1766,486480,486481
9177,486482,486482
6493,486483,486483
2451,486484,486484
7065,486485,486485
1031,486486,486486
8953,486487,486487
4348,486488,486488
3609,486489,486490
7917,486491,486491
1194,486492,486494
6618,486495,486502
3612,486503,486530
4065,486531,486531
8368,486532,486532
4881,486533,486533
6187,486534,486535
6624,486536,486536
811,486537,486537
6770,486538,486538
8133,486539,486539
5104,486540,486540
5318,486541,486541
2441,486542,486542
8260,486543,486570
1961,486571,486573
7986,486574,486691
2261,486692,486693
3019,486694,486694
6906,486695,486695
889,486696,486696
7334,486697,486700
6353,486701,486703
1084,486704,486704
9208,486705,486705
6055,486706,486706
336,486707,486708
7354,486709,486709
1679,486710,486711
6441,486712,486712
4176,486713,486727
9481,486728,486741
7397,486742,486749
4149,486750,486758
4289,486759,486764
3279,486765,486765
9133,486766,486771
3014,486772,486775
7685,486776,486776
1695,486777,486779
2899,486780,486780
5644,486781,486781
3417,486782,486782
1476,486783,486783
2697,486784,486784
7135,486785,486785
6518,486786,486788
8054,486789,486790
216,486791,486795
6363,486796,486796
9657,486797,486797
2593,486798,486801
3766,486802,486805
9575,486806,486807
618,486808,486809
8043,486810,486810
3105,486811,486811
5714,486812,486815
391,486816,486816
978,486817,486825
6920,486826,486826
2743,486827,486827
3672,486828,486828
8922,486829,486830
8615,486831,486832
3881,486833,486833
4816,486834,486834
9580,486835,487105
4927,487106,487306
66,487307,487323
430,487324,487332
6838,487333,487333
7669,487334,487334
8966,487335,487335
204,487336,487336
3370,487337,487341
551,487342,487342
1657,487343,487348
9680,487349,487349
977,487350,487350
6035,487351,487352
6221,487353,487358
3777,487359,487360
4456,487361,487361
3640,487362,487364
4191,487365,487372
3116,487373,487373
3288,487374,489327
9538,489328,490868
1119,490869,490925
8071,490926,491356
9084,491357,491357
2749,491358,491359
6942,491360,491362
5417,491363,491473
3161,491474,491474
9239,491475,491475
6736,491476,491519
3209,491520,491702
721,491703,491863
8771,491864,491899
8061,491900,491905
777,491906,492006
6426,492007,492037
7935,492038,492071
5648,492072,492074
5960,492075,492099
7678,492100,492105
6343,492106,492127
9411,492128,492129
6501,492130,492135
7544,492136,492137
5710,492138,492138
6089,492139,492139
5207,492140,492140
2130,492141,492143
108,492144,492145
898,492146,492146
4238,492147,492148
6779,492149,492149
9247,492150,492156
7275,492157,492157
1616,492158,492158
6354,492159,492160
2610,492161,492185
8823,492186,492187
4477,492188,492188
5849,492189,492282
6105,492283,492283
8498,492284,492284
6642,492285,492320
1258,492321,492328
6711,492329,492329
5304,492330,492331
3599,492332,492333
6919,492334,492334
3063,492335,492335
256,492336,492336
3519,492337,492340
9480,492341,492341
6934,492342,492342
6114,492343,492343
9586,492344,492346
954,492347,492347
5535,492348,492348
2586,492349,492349
7728,492350,492350
6022,492351,492351
5059,492352,492352
209,492353,492355
4623,492356,492357
8232,492358,492358
6144,492359,492359
7684,492360,492361
1394,492362,492362
5234,492363,492363
3250,492364,492367
5372,492368,492371
5971,492372,492373
7663,492374,492374
6121,492375,492376
8861,492377,492377
8125,492378,492378
2158,492379,492412
6657,492413,492414
5791,492415,492416
6369,492417,492418
3737,492419,492419
3034,492420,492421
7950,492422,492422
7763,492423,492428
5546,492429,492429
3363,492430,492430
2660,492431,492431
1208,492432,492432
2114,492433,492514
8200,492515,492557
1043,492558,492574
7119,492575,492575
1133,492576,492576
6630,492577,492577
5390,492578,492578
6543,492579,492580
992,492581,492581
2898,492582,492583
9373,492584,492584
5299,492585,492595
2440,492596,492596
4962,492597,492598
2934,492599,492599
9155,492600,492601
3854,492602,492602
9961,492603,492606
1904,492607,492607
5436,492608,492608
4672,492609,492609
1382,492610,492610
3218,492611,492611
4686,492612,492613
3605,492614,492620
9397,492621,492621
8609,492622,492622
2314,492623,492623
7835,492624,492624
6449,492625,493350
2990,493351,493362
9745,493363,493363
9244,493364,493478
1414,493479,493496
2596,493497,493497
5628,493498,493504
6826,493505,493508
4573,493509,493509
5924,493510,493510
3186,493511,493511
4697,493512,493512
2076,493513,493513
5099,493514,493514
4548,493515,493518
9513,493519,493520
1054,493521,493522
2563,493523,493523
4086,493524,493524
2188,493525,493527
1502,493528,493531
5055,493532,493535
8171,493536,493536
7138,493537,493537
352,493538,493538
9419,493539,493539
2447,493540,493541
2768,493542,493542
7895,493543,493543
1772,493544,493544
2979,493545,493546
1086,493547,493588
2103,493589,493593
6859,493594,493634
5103,493635,493640
940,493641,493641
4112,493642,493655
2605,493656,493659
6536,493660,493660
1147,493661,493661
4159,493662,493663
2165,493664,493669
6232,493670,493670
6528,493671,493671
9115,493672,493672
570,493673,493674
7115,493675,493702
9195,493703,493707
1203,493708,493708
9989,493709,493709
7603,493710,493712
2128,493713,493713
4660,493714,493714
1702,493715,493715
9450,493716,493716
5653,493717,493719
8132,493720,493720
8928,493721,493721
8672,493722,493722
5725,493723,493727
6140,493728,493734
346,493735,493738
1279,493739,493739
7231,493740,493743
2198,493744,493747
3067,493748,493748
4983,493749,493750
8001,493751,493752
7142,493753,493755
343,493756,493756
8017,493757,493779
215,493780,493780
8287,493781,493848
3474,493849,493862
5181,493863,493907
1506,493908,493985
9354,493986,494009
616,494010,494012
7482,494013,494019
9724,494020,494024
8891,494025,494031
7738,494032,494037
7353,494038,494038
3284,494039,494045
9942,494046,494047
3822,494048,494048
5213,494049,494050
91,494051,494051
292,494052,494052
1105,494053,494072
6633,494073,494101
3721,494102,494104
6042,494105,494105
2504,494106,494106
4804,494107,494107
3789,494108,494108
9960,494109,494117
9773,494118,494118
6285,494119,494120
8568,494121,494122
3092,494123,494123
3465,494124,494145
8909,494146,494164
4396,494165,494204
6514,494205,494205
3925,494206,494209
8180,494210,494210
5770,494211,494215
6487,494216,494220
5792,494221,494229
7891,494230,494241
3973,494242,494243
3454,494244,494245
5495,494246,494263
1543,494264,494268
6925,494269,494271
636,494272,494273
1128,494274,494274
5158,494275,494284
4640,494285,494286
7432,494287,494290
5836,494291,494291
2335,494292,494330
2772,494331,494334
2759,494335,494340
5175,494341,494341
9409,494342,494349
4651,494350,494354
9495,494355,494355
3776,494356,494361
3991,494362,494365
3002,494366,494366
5303,494367,494368
8228,494369,494369
575,494370,494373
2246,494374,494374
7108,494375,494375
5402,494376,494377
1916,494378,494378
4796,494379,494380
8547,494381,494381
3453,494382,494382
843,494383,494384
326,494385,494385
8225,494386,494386
7744,494387,494387
5587,494388,494388
5305,494389,494390
3842,494391,494391
6752,494392,494396
8,494397,494401
9830,494402,494402
3093,494403,494403
8705,494404,494404
6425,494405,494408
2499,494409,494409
1773,494410,494411
8408,494412,494433
2025,494434,494438
6860,494439,494441
6404,494442,494443
647,494444,494446
7878,494447,494447
7650,494448,494449
5961,494450,494450
39,494451,494451
1771,494452,494452
3888,494453,494453
70,494454,494456
4941,494457,494465
4531,494466,494466
9664,494467,494469
5626,494470,494483
4095,494484,494485
7823,494486,494504
3756,494505,494545
2883,494546,494551
1694,494552,494582
1388,494583,494584
6812,494585,494605
5659,494606,494617
6653,494618,494618
1796,494619,494619
4694,494620,494620
1560,494621,494621
8091,494622,494627
145,494628,494632
7681,494633,494634
1396,494635,494636
8856,494637,494715
2522,494716,494742
2755,494743,494749
7308,494750,494750
804,494751,494751
4953,494752,494752
7352,494753,494753
998,494754,494754
8503,494755,494755
4922,494756,494771
5024,494772,494772
7355,494773,494815
8213,494816,494816
6769,494817,494823
5498,494824,494825
8196,494826,494833
1101,494834,494835
8093,494836,494836
5863,494837,494837
5773,494838,494841
2180,494842,494842
7834,494843,494851
248,494852,494853
7037,494854,494854
7350,494855,494893
6125,494894,494894
6422,494895,494918
1454,494919,494919
3495,494920,494921
4646,494922,494922
5858,494923,494923
9291,494924,494924
9555,494925,494928
1700,494929,494938
1204,494939,494940
4243,494941,494941
2230,494942,494945
1402,494946,494946
5862,494947,494953
130,494954,494964
8242,494965,494972
7871,494973,494973
8836,494974,494974
7619,494975,494978
2462,494979,494979
946,494980,494980
6467,494981,494987
9308,494988,494992
304,494993,495018
5982,495019,495019
228,495020,495020
9753,495021,495025
4751,495026,495026
4497,495027,495035
6380,495036,495037
7914,495038,495061
7999,495062,495065
8696,495066,495067
3829,495068,495107
8424,495108,495127
9786,495128,495130
2266,495131,495137
1843,495138,495140
573,495141,495144
7884,495145,495153
8394,495154,495154
386,495155,495155
2931,495156,495159
435,495160,495162
7547,495163,495163
5905,495164,495164
9172,495165,495170
7477,495171,495176
5778,495177,495181
5265,495182,495199
7229,495200,495202
2047,495203,495203
5977,495204,495204
9673,495205,495205
4829,495206,495206
8733,495207,495253
5813,495254,495258
7638,495259,495266
709,495267,495267
7379,495268,495269
3277,495270,495270
1691,495271,495278
3833,495279,495279
1200,495280,495286
1175,495287,495288
4514,495289,495289
4540,495290,495296
9314,495297,495304
6204,495305,495308
4602,495309,495311
1980,495312,495314
9203,495315,495318
6681,495319,495320
8599,495321,495321
7709,495322,495324
9968,495325,495329
7149,495330,495330
624,495331,495335
888,495336,495336
6756,495337,495337
3118,495338,495338
7918,495339,495339
3204,495340,495340
3626,495341,495342
6455,495343,495356
8321,495357,495357
9806,495358,495360
7194,495361,495370
7238,495371,495383
6340,495384,495387
6874,495388,495388
7569,495389,495432
1532,495433,495435
4937,495436,495436
6237,495437,495441
4664,495442,495443
7431,495444,495444
4217,495445,495445
8700,495446,495452
2423,495453,495453
2343,495454,495454
7787,495455,495455
3307,495456,495456
1846,495457,495461
208,495462,495464
7599,495465,495465
8083,495466,495466
7621,495467,495469
8251,495470,495470
8060,495471,495471
5701,495472,495475
2666,495476,495477
2374,495478,495497
149,495498,495541
8203,495542,495546
5537,495547,495561
854,495562,495562
5963,495563,495564
2411,495565,495565
9696,495566,495573
4222,495574,495574
7034,495575,495576
2760,495577,495577
944,495578,495578
3847,495579,495580
4017,495581,495582
9703,495583,495583
4663,495584,495585
5467,495586,495586
4226,495587,495587
1746,495588,495588
2270,495589,495589
5056,495590,495590
6547,495591,495591
4221,495592,495592
8673,495593,495593
9868,495594,495594
2702,495595,495595
1266,495596,495606
3252,495607,495608
9274,495609,495610
5446,495611,495611
7777,495612,495612
5096,495613,495613
879,495614,495614
6044,495615,495620
8290,495621,495656
8990,495657,495706
6512,495707,495732
5732,495733,495741
2571,495742,495742
404,495743,495744
9471,495745,495746
3131,495747,495748
6606,495749,495750
4662,495751,495751
6857,495752,495760
4786,495761,495761
6390,495762,495763
2765,495764,495767
572,495768,495777
4322,495778,495780
4707,495781,495785
5381,495786,495787
5776,495788,495788
424,495789,495789
4468,495790,495790
9067,495791,495801
8106,495802,495817
8465,495818,495825
7594,495826,495826
5713,495827,495892
4772,495893,495906
6978,495907,495909
6103,495910,495910
6561,495911,495911
538,495912,495913
2692,495914,495914
8636,495915,495915
3515,495916,495918
1061,495919,495924
6913,495925,495925
4839,495926,496060
9478,496061,496274
7424,496275,496366
2812,496367,496379
2542,496380,496406
2736,496407,496414
3754,496415,496415
2262,496416,496416
1741,496417,496417
9196,496418,496418
8202,496419,496419
3940,496420,496421
1515,496422,496422
3998,496423,496423
9910,496424,496424
1861,496425,496425
4964,496426,496439
6151,496440,496440
4449,496441,496441
6787,496442,496442
8496,496443,496444
3079,496445,496445
9707,496446,496447
339,496448,496451
9698,496452,496452
6879,496453,496454
5189,496455,496455
9457,496456,496456
644,496457,496457
4822,496458,496458
6796,496459,496459
6162,496460,496461
9171,496462,496467
6724,496468,496468
9285,496469,496469
1307,496470,496470
4853,496471,496471
9851,496472,496472
8229,496473,496477
5144,496478,496478
4752,496479,496479
6891,496480,496480
7973,496481,496481
5300,496482,496503
4620,496504,496504
7237,496505,496505
1391,496506,496506
2727,496507,496508
9310,496509,496509
5026,496510,496511
8926,496512,496518
658,496519,496520
5793,496521,496521
9726,496522,496522
862,496523,496523
4448,496524,496524
6431,496525,496525
2945,496526,496526
4568,496527,496557
4575,496558,496558
5570,496559,496561
5932,496562,496563
4164,496564,496569
3217,496570,496570
7418,496571,496572
1705,496573,496575
3371,496576,496576
6897,496577,496577
8356,496578,496578
1747,496579,496591
3259,496592,496593
9332,496594,496597
8786,496598,496598
6995,496599,496599
8341,496600,496600
3742,496601,496604
2122,496605,496607
7778,496608,496608
959,496609,496631
2061,496632,496634
1509,496635,496643
7113,496644,496644
1362,496645,496645
4358,496646,496646
2029,496647,496649
8894,496650,496660
9626,496661,496661
8096,496662,496666
2738,496667,496669
2832,496670,496671
3069,496672,496672
6649,496673,496673
2424,496674,496674
3636,496675,496678
5170,496679,496679
3319,496680,496680
5476,496681,496681
822,496682,496931
8520,496932,496965
1161,496966,496995
8129,496996,497007
9613,497008,497008
2142,497009,497009
7499,497010,497018
2340,497019,497021
7941,497022,497022
9671,497023,497025
3310,497026,497026
4220,497027,497030
8746,497031,497031
8345,497032,497043
9777,497051,497054
4578,497055,497055
8788,497056,497056
1038,497057,497057
3475,497058,497058
6980,497059,497059
1894,497060,497060
2621,497061,497070
4108,497071,497071
4343,497072,497078
513,497079,497095
1342,497096,497098
9120,497099,497120
289,497121,497121
7121,497122,497122
9299,497123,497124
5342,497125,497125
1174,497126,497127
5361,497128,497128
3460,497129,497129
4362,497130,497130
1821,497131,497131
1624,497132,497132
4510,497133,497133
3695,497134,497135
9681,497136,497193
4082,497194,497195
332,497196,497198
4141,497199,497200
2716,497201,497201
2002,497202,497206
7697,497207,497208
6472,497209,497209
8955,497210,497210
2129,497211,497215
6730,497216,497216
9447,497217,497220
5898,497221,497226
2434,497227,497228
3,497229,497243
3864,497244,497245
9983,497246,497247
7651,497248,497248
2237,497249,497249
795,497250,497250
7912,497251,497253
47,497254,497254
4880,497255,497255
878,497256,497263
981,497264,497266
4596,497267,497267
4458,497268,497268
640,497269,497270
6209,497271,497403
7326,497404,497485
5718,497486,497495
4583,497496,497514
5243,497515,497516
6245,497517,497517
760,497518,497518
7560,497519,497519
6176,497520,498389
2963,498390,498390
8219,498391,498418
8029,498419,498419
2849,498420,498424
4080,498425,498426
8268,498427,498429
8973,498430,498430
7518,498431,498432
1072,498433,498433
8160,498434,498434
6729,498435,498451
8811,498452,498453
7504,498454,498458
2805,498459,498462
5822,498463,498465
95,498466,498466
3444,498467,498467
1952,498468,498468
4885,498469,498853
637,498854,498891
2794,498892,498930
335,498931,498980
5353,498981,499008
5911,499009,499088
5980,499089,499113
23,499114,499116
8216,499117,499249
7067,499250,499279
1559,499280,499290
8327,499291,499297
4076,499298,499300
7210,499301,499305
1328,499306,499307
4046,499308,499308
7942,499309,499309
1428,499310,499311
3912,499312,499312
7095,499313,499317
7462,499318,499320
8379,499321,499363
5920,499364,499366
393,499367,499367
2124,499368,499370
5828,499371,499373
6193,499374,499374
3558,499375,499378
8998,499379,499379
5473,499380,499381
2940,499382,499382
8449,499383,499385
9425,499386,499387
604,499388,499388
693,499389,499391
2015,499392,499392
9009,499393,499394
620,499395,499395
4886,499396,499397
2218,499398,499419
7879,499420,499420
1793,499421,499421
5800,499422,499422
7279,499423,499423
9024,499424,499424
7612,499425,499425
690,499426,499426
2766,499427,499430
2841,499431,499434
8293,499435,499435
3546,499436,499451
8776,499452,499457
9277,499458,499458
6458,499459,499459
8184,499460,499460
9444,499461,499463
1620,499464,499464
8875,499465,499467
9815,499468,499468
6252,499469,499470
1742,499471,499472
5789,499473,499476
8309,499477,499479
2936,499480,499481
8101,499482,499483
1896,499484,499484
5575,499485,499485
2000,499486,499486
9185,499487,499488
7934,499489,499489
5115,499490,499490
7099,499491,499491
419,499492,499587
8302,499588,499589
3013,499590,499590
6488,499591,499594
8949,499595,499608
8930,499609,499609
5747,499610,499642
9847,499643,499646
338,499647,499649
6462,499650,499660
2482,499661,499674
3717,499675,499690
317,499691,499703
1908,499704,499706
8175,499707,499716
6905,499717,499717
3928,499718,499719
6768,499720,499720
9158,499721,499725
8954,499726,499726
8316,499727,499727
4580,499728,499728
2222,499729,499729
8943,499730,499732
9770,499733,499733
6565,499734,499735
9641,499736,499738
9443,499739,499741
4844,499742,499745
7794,499746,499751
3769,499752,499752
7498,499753,499753
8959,499754,499755
4370,499756,499761
9301,499762,499762
7882,499763,499763
5760,499764,499764
5914,499765,499765
5599,499766,499766
134,499767,499768
1853,499769,499771
4958,499772,499773
6409,499774,499774
9618,499775,499775
6567,499776,499780
1610,499781,499783
514,499784,499784
3339,499785,499791
1186,499792,499792
5423,499793,499793
5183,499794,499798
5756,499799,499867
3383,499868,499892
2652,499893,499906
8047,499907,499924
4928,499925,499929
2576,499930,499930
6444,499931,499931
7230,499932,499932
5240,499933,499933
796,499934,499934
5260,499935,499939
5879,499940,499940
1661,499941,499941
4661,499942,499942
9307,499943,499943
908,499944,499944
4719,499945,499945
5289,499946,499949
4209,499950,499950
797,499951,499951
8286,499952,499952
2196,499953,499963
7293,499964,499965
1324,499966,499966
1653,499967,499967
365,499968,499968
9256,499969,499969
8138,499970,499970
2205,499971,499971
2642,499972,499972
3032,499973,499973
6083,499974,499974
6776,499975,499977
979,499978,499979
8233,499980,499980
7044,499981,499983
2598,499984,499991
3549,499992,499992
8350,499993,499993
6658,499994,499994
3811,499995,499995
221,499996,499996
2905,499997,499997
2548,499998,499998
1938,499999,499999
