5052
1,4,4
1,7,2
1,11,3
1,13,3
1,14,3
1,15,3
1,16,4
1,17,3
1,19,5
1,20,1
1,21,1
1,23,4
1,25,4
1,26,5
1,28,3
1,36,4
1,37,1
1,38,4
1,39,5
1,40,1
1,41,2
1,42,5
1,46,2
1,49,2
1,50,3
1,51,1
1,53,1
1,54,3
1,56,1
1,57,2
1,58,3
1,60,1
1,62,5
1,63,5
1,64,5
1,65,4
1,67,1
1,71,1
1,73,2
1,74,1
1,75,1
1,76,4
1,77,1
1,78,3
1,81,2
1,82,2
1,83,5
1,86,3
1,89,5
1,90,4
1,91,5
1,92,5
1,93,2
1,97,5
1,98,4
1,100,4
2,1,4
2,3,5
2,10,5
2,11,3
2,12,2
2,14,5
2,15,2
2,16,3
2,18,3
2,19,3
2,20,3
2,21,4
2,23,2
2,24,3
2,26,3
2,27,3
2,29,4
2,31,1
2,33,5
2,36,3
2,40,1
2,43,5
2,44,4
2,45,3
2,47,1
2,48,2
2,49,4
2,52,2
2,54,3
2,55,2
2,57,5
2,58,1
2,61,3
2,62,4
2,63,4
2,64,5
2,67,3
2,68,4
2,71,1
2,72,1
2,73,1
2,75,4
2,77,1
2,79,5
2,82,1
2,86,1
2,87,4
2,88,3
2,90,1
2,93,4
2,94,4
2,98,4
2,99,5
3,1,3
3,2,4
3,4,2
3,5,1
3,8,1
3,9,5
3,10,2
3,12,1
3,13,3
3,16,5
3,17,1
3,18,3
3,20,3
3,21,2
3,25,1
3,26,3
3,33,4
3,34,2
3,35,5
3,37,4
3,39,1
3,40,2
3,42,1
3,46,2
3,49,5
3,50,2
3,54,3
3,55,4
3,56,1
3,58,5
3,59,1
3,60,2
3,61,2
3,65,4
3,66,5
3,67,4
3,68,2
3,72,3
3,73,2
3,74,4
3,75,2
3,76,1
3,77,3
3,82,3
3,83,4
3,84,1
3,86,4
3,91,4
3,95,5
3,97,1
3,98,4
3,99,3
4,2,4
4,5,1
4,7,1
4,9,3
4,11,4
4,12,1
4,13,3
4,17,3
4,18,5
4,19,1
4,20,2
4,21,5
4,23,3
4,24,3
4,25,1
4,27,5
4,31,2
4,32,3
4,34,4
4,35,4
4,36,5
4,38,2
4,40,1
4,41,1
4,42,3
4,45,1
4,47,3
4,52,2
4,57,3
4,58,4
4,60,1
4,61,2
4,62,4
4,64,2
4,65,1
4,66,4
4,67,3
4,68,1
4,70,1
4,72,4
4,76,2
4,80,5
4,81,2
4,82,2
4,84,4
4,85,2
4,86,3
4,88,4
4,89,2
4,90,5
4,95,2
4,96,4
4,98,4
5,1,2
5,3,3
5,4,5
5,7,1
5,15,5
5,16,2
5,18,5
5,19,5
5,20,2
5,22,2
5,25,2
5,27,3
5,28,2
5,33,1
5,34,4
5,37,4
5,39,5
5,40,5
5,41,5
5,42,4
5,44,3
5,49,1
5,50,1
5,51,4
5,52,5
5,53,3
5,54,2
5,60,3
5,61,5
5,64,5
5,65,4
5,66,4
5,74,2
5,76,4
5,78,3
5,79,4
5,80,1
5,85,5
5,86,2
5,87,4
5,89,5
5,90,2
5,91,2
5,92,2
5,93,3
5,94,3
5,95,4
5,97,2
5,100,4
6,1,3
6,2,4
6,3,3
6,5,3
6,7,3
6,8,5
6,11,5
6,12,5
6,14,4
6,16,3
6,17,2
6,18,4
6,19,2
6,21,1
6,23,3
6,26,3
6,28,1
6,30,3
6,32,2
6,34,1
6,35,2
6,36,3
6,37,5
6,38,1
6,39,3
6,42,4
6,44,3
6,47,5
6,49,4
6,51,5
6,52,5
6,53,1
6,56,2
6,57,1
6,58,3
6,59,5
6,62,1
6,65,1
6,66,5
6,67,4
6,68,2
6,69,1
6,71,5
6,72,4
6,76,1
6,77,3
6,78,5
6,81,4
6,85,2
6,88,5
6,89,3
6,91,4
6,93,1
6,94,5
6,97,1
6,98,1
7,2,5
7,3,3
7,4,5
7,6,1
7,13,1
7,14,3
7,15,5
7,18,2
7,21,4
7,22,4
7,23,4
7,26,1
7,29,5
7,35,4
7,36,3
7,37,3
7,42,4
7,45,3
7,50,2
7,51,1
7,53,1
7,54,2
7,59,2
7,60,2
7,61,1
7,62,5
7,65,2
7,68,3
7,72,2
7,73,5
7,74,1
7,75,3
7,77,1
7,78,3
7,79,3
7,80,3
7,81,3
7,87,3
7,89,5
7,92,5
7,97,4
7,98,5
8,4,2
8,5,4
8,9,5
8,10,5
8,11,1
8,13,2
8,14,4
8,15,4
8,16,4
8,19,3
8,21,3
8,23,5
8,24,5
8,26,5
8,27,2
8,29,3
8,31,2
8,33,2
8,38,4
8,39,4
8,40,3
8,43,3
8,45,4
8,46,3
8,48,5
8,50,1
8,51,4
8,54,2
8,56,4
8,59,2
8,60,5
8,61,1
8,65,1
8,66,2
8,71,4
8,74,4
8,77,3
8,79,4
8,82,4
8,84,5
8,85,3
8,86,2
8,87,4
8,88,3
8,89,5
8,90,2
8,91,2
8,92,3
8,93,1
8,96,3
8,98,4
9,1,2
9,2,4
9,3,4
9,6,5
9,8,1
9,10,1
9,13,3
9,16,3
9,18,5
9,19,5
9,22,5
9,24,2
9,25,3
9,26,4
9,28,5
9,29,4
9,34,5
9,35,5
9,36,3
9,37,4
9,39,4
9,40,5
9,45,3
9,46,2
9,48,1
9,49,3
9,50,4
9,52,5
9,53,2
9,54,2
9,56,3
9,57,3
9,58,5
9,62,5
9,63,3
9,64,1
9,66,5
9,68,2
9,69,2
9,73,3
9,79,3
9,80,1
9,84,3
9,86,5
9,87,4
9,88,1
9,89,1
9,91,3
9,93,3
9,94,1
9,98,1
9,99,3
10,2,2
10,3,1
10,4,3
10,6,1
10,7,5
10,8,1
10,16,1
10,17,5
10,18,4
10,19,4
10,20,1
10,21,1
10,27,4
10,32,3
10,33,4
10,34,2
10,39,4
10,42,3
10,46,4
10,49,1
10,50,4
10,51,2
10,52,1
10,53,5
10,54,1
10,55,1
10,62,3
10,65,3
10,70,2
10,75,4
10,76,1
10,77,3
10,79,5
10,80,4
10,81,4
10,82,3
10,83,2
10,85,5
10,88,1
10,89,1
10,90,4
10,91,5
10,92,4
10,93,1
10,94,3
10,99,2
11,3,4
11,4,4
11,6,4
11,7,4
11,8,5
11,9,4
11,10,2
11,12,5
11,13,2
11,14,4
11,15,3
11,17,4
11,18,4
11,19,5
11,22,5
11,23,1
11,25,2
11,28,5
11,30,5
11,31,2
11,35,3
11,37,2
11,42,2
11,46,5
11,50,4
11,54,4
11,55,1
11,56,2
11,58,1
11,59,4
11,62,5
11,63,5
11,70,4
11,78,1
11,79,3
11,80,5
11,82,4
11,83,5
11,87,2
11,88,4
11,89,4
11,90,1
11,91,2
11,94,2
11,95,3
11,98,4
11,99,5
11,100,3
12,10,1
12,11,3
12,15,1
12,20,2
12,21,5
12,22,5
12,24,5
12,32,5
12,34,5
12,36,4
12,37,1
12,38,1
12,42,2
12,45,2
12,46,5
12,50,5
12,52,5
12,57,5
12,59,5
12,60,4
12,63,1
12,64,5
12,65,3
12,68,5
12,69,3
12,70,2
12,71,2
12,73,5
12,75,4
12,77,3
12,82,4
12,83,1
12,84,4
12,91,5
12,92,3
12,93,2
12,96,4
12,99,1
13,2,1
13,3,3
13,4,1
13,6,5
13,11,1
13,14,2
13,16,5
13,17,1
13,26,1
13,30,2
13,33,4
13,35,1
13,39,5
13,40,3
13,41,1
13,47,3
13,48,3
13,49,2
13,51,1
13,54,2
13,56,2
13,57,4
13,59,3
13,63,3
13,65,1
13,67,1
13,69,1
13,71,4
13,72,1
13,81,2
13,83,1
13,86,2
13,92,5
13,96,1
14,5,4
14,6,3
14,7,4
14,8,3
14,9,2
14,10,1
14,11,4
14,12,3
14,15,1
14,16,1
14,17,3
14,22,2
14,24,4
14,25,1
14,26,1
14,29,5
14,31,3
14,32,5
14,33,1
14,36,1
14,39,3
14,43,4
14,44,2
14,45,3
14,47,1
14,50,2
14,53,1
14,55,2
14,56,3
14,57,4
14,58,4
14,59,4
14,61,2
14,62,5
14,63,5
14,64,5
14,66,2
14,69,1
14,70,3
14,71,4
14,73,4
14,74,1
14,75,3
14,76,3
14,77,4
14,80,4
14,81,5
14,86,2
14,88,5
14,90,4
14,93,2
14,95,1
14,97,4
14,98,3
14,100,4
15,1,5
15,2,1
15,5,5
15,7,4
15,9,3
15,10,5
15,12,2
15,13,5
15,16,3
15,19,1
15,23,3
15,25,5
15,26,1
15,28,2
15,29,5
15,33,2
15,34,5
15,35,4
15,36,3
15,37,1
15,38,4
15,43,1
15,45,4
15,46,1
15,47,1
15,48,5
15,51,3
15,52,2
15,55,2
15,56,2
15,57,5
15,58,4
15,59,4
15,60,2
15,63,2
15,64,5
15,65,5
15,66,4
15,69,3
15,73,3
15,75,3
15,78,5
15,81,3
15,83,1
15,85,3
15,87,2
15,90,1
15,91,5
15,94,4
15,95,1
15,96,2
15,97,1
15,99,4
16,2,5
16,4,3
16,5,3
16,6,1
16,7,5
16,8,1
16,12,5
16,13,1
16,14,5
16,17,4
16,20,3
16,21,3
16,23,2
16,26,5
16,29,3
16,30,4
16,31,5
16,32,4
16,33,4
16,39,4
16,40,5
16,41,4
16,43,4
16,44,3
16,46,4
16,50,4
16,53,4
16,55,5
16,56,2
16,58,5
16,59,1
16,64,3
16,66,1
16,69,5
16,70,5
16,71,3
16,73,3
16,77,5
16,80,1
16,83,3
16,85,3
16,86,3
16,87,2
16,89,4
16,92,1
16,93,2
16,95,4
16,96,1
16,98,1
16,99,1
16,100,3
17,2,5
17,3,3
17,9,3
17,14,5
17,15,3
17,16,3
17,19,4
17,20,3
17,21,4
17,23,3
17,25,1
17,29,5
17,30,2
17,32,5
17,34,5
17,36,5
17,38,5
17,39,4
17,40,5
17,41,2
17,42,4
17,46,4
17,47,3
17,48,2
17,49,3
17,53,3
17,54,3
17,56,4
17,57,4
17,59,2
17,60,2
17,62,5
17,65,2
17,69,4
17,70,5
17,77,3
17,78,5
17,79,2
17,81,1
17,82,2
17,84,3
17,87,1
17,88,1
17,89,5
17,90,2
17,92,2
17,94,5
17,95,5
17,96,4
17,97,4
17,98,1
17,99,1
17,100,4
18,2,2
18,4,4
18,5,4
18,8,2
18,9,2
18,10,4
18,12,3
18,17,2
18,20,1
18,22,4
18,23,4
18,24,1
18,25,3
18,27,4
18,29,3
18,34,4
18,35,4
18,37,3
18,38,3
18,40,4
18,41,3
18,42,3
18,43,3
18,46,2
18,49,4
18,53,3
18,56,5
18,58,2
18,60,1
18,62,4
18,63,2
18,64,2
18,72,5
18,73,3
18,79,4
18,86,5
18,87,4
18,89,2
18,92,5
18,95,2
18,97,4
18,98,1
18,100,5
19,4,1
19,5,3
19,9,1
19,10,5
19,12,3
19,13,2
19,15,3
19,17,3
19,18,3
19,20,1
19,22,2
19,23,2
19,28,2
19,29,5
19,31,4
19,32,2
19,33,4
19,38,4
19,41,4
19,44,3
19,46,1
19,48,5
19,50,1
19,51,2
19,52,3
19,54,4
19,55,2
19,56,4
19,58,1
19,59,2
19,61,5
19,69,4
19,70,5
19,72,4
19,73,4
19,75,3
19,81,5
19,86,2
19,88,3
19,90,3
19,92,4
19,94,3
19,96,2
19,99,1
19,100,1
20,1,1
20,2,5
20,3,1
20,5,4
20,10,1
20,11,2
20,12,1
20,13,4
20,14,3
20,15,4
20,18,1
20,19,2
20,22,5
20,23,1
20,26,5
20,28,2
20,29,5
20,30,4
20,32,2
20,38,1
20,40,2
20,41,1
20,42,1
20,44,1
20,45,3
20,46,1
20,47,2
20,48,2
20,49,4
20,51,2
20,58,2
20,59,1
20,61,5
20,65,4
20,69,1
20,70,3
20,73,3
20,75,3
20,77,2
20,79,2
20,82,5
20,83,2
20,85,2
20,87,2
20,89,1
20,90,3
20,92,3
20,93,2
20,95,5
20,96,2
20,97,4
20,98,1
20,99,4
20,100,2
21,6,5
21,7,4
21,8,3
21,9,1
21,10,1
21,12,2
21,13,5
21,14,2
21,15,3
21,17,3
21,19,1
21,23,4
21,28,2
21,29,2
21,30,5
21,31,1
21,33,5
21,34,5
21,35,3
21,39,2
21,41,4
21,42,3
21,44,4
21,47,3
21,49,1
21,51,2
21,52,3
21,53,3
21,54,3
21,55,4
21,56,4
21,57,1
21,59,5
21,60,5
21,63,3
21,65,1
21,67,5
21,68,5
21,69,1
21,70,5
21,73,1
21,74,2
21,75,2
21,76,4
21,77,4
21,81,5
21,83,5
21,86,2
21,87,4
21,88,2
21,89,4
21,91,3
21,92,3
21,93,2
21,95,4
22,2,3
22,3,2
22,10,4
22,11,4
22,12,1
22,14,4
22,16,3
22,17,2
22,18,4
22,21,1
22,23,5
22,24,1
22,26,2
22,27,4
22,28,4
22,30,3
22,32,3
22,34,3
22,35,2
22,37,4
22,38,3
22,39,5
22,40,3
22,41,3
22,43,1
22,47,1
22,48,2
22,50,2
22,56,1
22,59,1
22,60,1
22,65,1
22,66,3
22,68,1
22,69,1
22,70,2
22,74,2
22,75,5
22,76,5
22,77,2
22,78,4
22,84,2
22,85,5
22,86,5
22,88,2
22,89,3
22,92,2
22,96,5
22,97,2
22,98,3
23,1,1
23,4,1
23,7,4
23,11,4
23,13,3
23,14,1
23,15,4
23,18,3
23,20,1
23,22,4
23,24,4
23,25,5
23,30,2
23,32,4
23,35,1
23,37,4
23,38,2
23,39,5
23,40,5
23,41,3
23,42,2
23,43,4
23,44,2
23,45,1
23,46,1
23,50,4
23,51,1
23,58,4
23,59,3
23,60,5
23,61,3
23,64,3
23,66,2
23,67,2
23,68,3
23,69,4
23,70,3
23,71,1
23,73,2
23,74,2
23,75,5
23,76,1
23,77,1
23,79,4
23,81,5
23,82,2
23,83,2
23,85,4
23,87,5
23,89,5
23,91,5
23,92,4
23,96,1
23,97,5
23,99,5
23,100,1
24,3,3
24,7,1
24,8,1
24,12,5
24,13,2
24,18,3
24,20,1
24,21,1
24,27,1
24,29,5
24,30,4
24,31,4
24,32,2
24,33,4
24,34,3
24,36,2
24,38,3
24,40,4
24,43,1
24,47,5
24,49,5
24,50,4
24,51,1
24,52,2
24,53,1
24,54,3
24,57,5
24,58,5
24,61,3
24,64,5
24,67,5
24,68,1
24,73,3
24,74,5
24,75,1
24,78,3
24,83,2
24,85,5
24,87,3
24,88,1
24,92,1
24,94,5
24,98,4
25,4,5
25,7,1
25,8,2
25,11,2
25,13,2
25,18,2
25,20,1
25,21,3
25,23,3
25,27,3
25,32,5
25,34,4
25,38,3
25,44,2
25,49,2
25,50,4
25,56,1
25,58,4
25,60,2
25,62,3
25,63,2
25,66,1
25,71,3
25,73,2
25,74,2
25,75,3
25,79,3
25,80,3
25,81,1
25,82,4
25,83,5
25,84,3
25,93,5
25,94,2
25,98,4
25,99,5
25,100,2
26,2,3
26,3,2
26,4,5
26,5,5
26,9,2
26,12,5
26,14,2
26,15,1
26,16,4
26,17,4
26,20,3
26,22,5
26,24,5
26,27,1
26,30,1
26,32,3
26,33,5
26,35,2
26,36,4
26,37,2
26,41,4
26,43,4
26,45,4
26,47,2
26,48,5
26,49,4
26,50,4
26,51,1
26,53,5
26,54,4
26,56,1
26,58,2
26,59,5
26,61,2
26,62,4
26,64,4
26,66,4
26,69,5
26,73,3
26,76,5
26,77,2
26,82,3
26,83,3
26,84,4
26,85,1
26,87,3
26,90,2
26,91,4
26,92,4
26,93,1
26,99,4
27,2,1
27,4,4
27,7,3
27,13,1
27,14,1
27,15,2
27,21,3
27,22,2
27,23,5
27,26,1
27,28,2
27,29,3
27,31,3
27,32,4
27,35,1
27,41,4
27,42,2
27,44,5
27,46,1
27,47,3
27,48,5
27,49,1
27,51,3
27,54,2
27,55,5
27,58,5
27,61,4
27,62,4
27,65,1
27,66,5
27,70,4
27,71,5
27,72,3
27,73,2
27,74,5
27,75,1
27,76,3
27,77,3
27,78,1
27,82,3
27,84,3
27,87,5
27,88,1
27,91,1
27,93,5
27,94,2
27,96,3
27,97,5
28,2,2
28,3,5
28,4,2
28,6,3
28,7,5
28,9,1
28,11,3
28,12,5
28,13,1
28,14,3
28,18,3
28,20,5
28,22,1
28,23,3
28,24,5
28,25,4
28,30,2
28,31,3
28,32,1
28,33,3
28,34,5
28,39,1
28,40,5
28,42,1
28,45,5
28,47,4
28,48,5
28,49,4
28,51,2
28,54,1
28,55,2
28,58,5
28,61,1
28,64,1
28,65,5
28,66,5
28,68,5
28,70,2
28,74,5
28,76,3
28,78,4
28,79,5
28,81,4
28,84,4
28,87,2
28,88,3
28,89,4
28,91,5
28,93,2
29,1,5
29,2,5
29,3,4
29,5,3
29,6,5
29,7,4
29,10,4
29,11,4
29,13,1
29,14,2
29,18,3
29,19,4
29,23,3
29,24,4
29,27,3
29,34,5
29,36,1
29,37,2
29,38,3
29,39,2
29,41,1
29,43,4
29,44,4
29,46,1
29,53,3
29,58,5
29,62,4
29,63,3
29,65,4
29,67,5
29,69,4
29,70,3
29,72,4
29,73,1
29,77,1
29,78,5
29,79,2
29,80,1
29,82,3
29,84,4
29,88,5
29,89,2
29,90,2
29,93,2
29,94,3
29,95,5
29,96,3
30,1,1
30,2,2
30,3,3
30,4,4
30,5,4
30,9,2
30,11,5
30,12,2
30,13,4
30,15,5
30,16,4
30,18,2
30,20,2
30,21,1
30,24,2
30,25,4
30,27,5
30,29,4
30,32,5
30,33,3
30,34,1
30,35,5
30,37,2
30,40,2
30,41,1
30,42,3
30,45,4
30,47,1
30,49,3
30,50,5
30,51,3
30,55,5
30,56,3
30,57,3
30,58,1
30,59,2
30,63,2
30,65,1
30,66,3
30,70,4
30,72,1
30,78,3
30,84,4
30,85,1
30,87,5
30,88,5
30,91,2
30,92,3
30,93,2
30,94,4
30,95,1
30,96,1
30,98,2
30,99,5
31,3,5
31,4,2
31,5,5
31,7,1
31,10,2
31,13,4
31,15,4
31,17,3
31,18,1
31,19,3
31,22,1
31,24,4
31,27,3
31,28,3
31,29,2
31,30,5
31,32,3
31,33,5
31,34,3
31,35,3
31,36,1
31,37,3
31,40,2
31,41,2
31,42,5
31,43,1
31,44,4
31,45,4
31,46,3
31,48,2
31,49,1
31,50,3
31,53,1
31,54,2
31,58,4
31,59,1
31,60,1
31,61,2
31,64,1
31,66,5
31,68,1
31,69,2
31,71,3
31,72,5
31,73,3
31,74,3
31,75,3
31,78,5
31,80,4
31,83,1
31,85,3
31,92,2
31,94,1
31,96,5
31,98,5
31,99,5
32,3,2
32,4,5
32,5,5
32,8,1
32,11,5
32,13,2
32,21,4
32,22,4
32,24,5
32,25,4
32,26,4
32,27,4
32,28,4
32,30,5
32,31,5
32,35,4
32,36,4
32,39,5
32,42,1
32,43,4
32,45,5
32,46,2
32,48,3
32,49,3
32,50,3
32,51,1
32,52,5
32,54,5
32,59,5
32,64,5
32,65,3
32,68,4
32,70,2
32,72,5
32,75,5
32,76,2
32,78,2
32,79,2
32,80,1
32,84,4
32,90,4
32,92,1
32,96,4
32,97,4
32,98,2
32,99,1
32,100,5
33,1,3
33,2,2
33,6,5
33,7,4
33,9,2
33,11,4
33,12,3
33,15,5
33,19,1
33,20,2
33,21,1
33,24,2
33,26,5
33,27,5
33,29,5
33,31,5
33,32,5
33,34,4
33,35,1
33,36,1
33,38,4
33,40,5
33,41,2
33,43,5
33,46,4
33,47,5
33,48,2
33,52,3
33,53,1
33,55,2
33,59,4
33,60,5
33,63,2
33,64,5
33,66,3
33,68,4
33,69,4
33,70,2
33,73,5
33,79,1
33,81,4
33,82,2
33,83,3
33,85,1
33,86,1
33,90,3
33,91,2
33,92,2
33,93,5
33,95,3
33,96,3
33,98,4
33,100,5
34,2,4
34,3,1
34,4,2
34,7,2
34,9,4
34,14,5
34,19,3
34,20,4
34,23,2
34,25,1
34,26,5
34,27,5
34,28,1
34,29,3
34,30,3
34,36,5
34,38,1
34,39,1
34,41,2
34,44,1
34,45,1
34,46,3
34,50,5
34,51,4
34,53,4
34,54,1
34,59,5
34,61,3
34,63,1
34,64,1
34,65,1
34,67,2
34,68,3
34,77,1
34,78,2
34,80,1
34,81,4
34,87,5
34,89,4
34,90,4
34,96,2
34,97,1
34,99,2
34,100,5
35,2,2
35,5,5
35,6,4
35,7,2
35,8,1
35,10,5
35,13,3
35,17,1
35,18,2
35,19,5
35,22,1
35,23,4
35,24,3
35,26,1
35,28,3
35,30,3
35,32,3
35,39,3
35,41,4
35,43,3
35,44,5
35,45,4
35,46,5
35,48,3
35,53,5
35,54,1
35,55,1
35,56,4
35,58,5
35,60,4
35,61,1
35,62,2
35,63,1
35,65,4
35,66,5
35,69,5
35,70,2
35,71,2
35,72,2
35,73,3
35,76,1
35,79,2
35,81,2
35,82,5
35,83,4
35,84,3
35,85,3
35,88,3
35,90,5
35,91,3
35,92,1
35,98,5
35,100,1
36,1,5
36,2,1
36,3,3
36,5,2
36,11,4
36,15,4
36,16,1
36,19,5
36,21,4
36,28,1
36,30,3
36,32,5
36,33,4
36,34,3
36,38,1
36,47,5
36,50,1
36,53,5
36,59,2
36,63,3
36,64,5
36,65,3
36,72,5
36,76,3
36,78,1
36,79,5
36,80,5
36,82,1
36,84,4
36,85,5
36,86,3
36,87,1
36,90,2
36,92,1
36,93,2
36,94,5
36,97,5
36,98,5
37,2,1
37,5,3
37,6,4
37,7,3
37,11,1
37,13,1
37,14,4
37,15,5
37,20,4
37,21,3
37,23,2
37,24,1
37,25,4
37,29,5
37,30,3
37,33,4
37,36,4
37,38,1
37,39,1
37,43,2
37,46,2
37,48,5
37,49,5
37,50,1
37,51,5
37,52,2
37,54,4
37,55,2
37,57,5
37,60,2
37,62,2
37,64,5
37,68,3
37,71,1
37,72,3
37,75,3
37,76,5
37,77,5
37,81,5
37,82,2
37,85,2
37,86,1
37,87,5
37,89,5
37,90,1
37,92,2
37,94,4
37,95,3
37,97,3
37,98,1
37,100,5
38,2,5
38,5,4
38,6,4
38,9,4
38,13,5
38,14,3
38,19,4
38,20,4
38,21,2
38,22,5
38,23,2
38,27,1
38,28,3
38,29,3
38,32,2
38,33,4
38,37,3
38,39,4
38,40,1
38,41,4
38,43,5
38,45,4
38,48,3
38,49,3
38,50,4
38,52,2
38,54,3
38,55,1
38,58,1
38,59,3
38,60,2
38,62,2
38,65,4
38,66,2
38,67,3
38,71,4
38,72,4
38,73,4
38,75,3
38,76,4
38,77,3
38,78,2
38,80,1
38,81,1
38,82,2
38,83,5
38,84,1
38,85,1
38,87,2
38,89,4
38,92,5
38,95,4
38,96,4
38,99,4
38,100,2
39,1,2
39,2,1
39,6,5
39,9,5
39,10,3
39,12,2
39,18,4
39,19,2
39,20,4
39,23,1
39,25,3
39,26,4
39,27,5
39,28,3
39,30,3
39,34,4
39,35,3
39,36,2
39,37,2
39,38,1
39,41,2
39,42,5
39,43,3
39,44,5
39,46,3
39,47,5
39,48,5
39,49,1
39,50,1
39,51,3
39,52,1
39,53,2
39,54,3
39,56,2
39,57,3
39,58,2
39,59,4
39,63,5
39,64,3
39,65,3
39,66,2
39,67,5
39,68,1
39,69,1
39,72,3
39,74,2
39,75,1
39,76,5
39,79,5
39,80,4
39,84,3
39,85,2
39,86,3
39,88,1
39,89,2
39,91,1
39,92,5
39,94,2
39,96,2
39,97,4
39,99,3
39,100,4
40,2,4
40,3,2
40,7,3
40,8,1
40,10,1
40,11,2
40,13,5
40,14,2
40,15,2
40,17,5
40,18,4
40,20,1
40,21,5
40,22,4
40,24,4
40,25,1
40,29,2
40,30,4
40,32,1
40,35,5
40,37,2
40,45,5
40,46,2
40,47,5
40,51,3
40,53,5
40,56,4
40,57,1
40,59,2
40,60,2
40,61,3
40,64,2
40,66,2
40,67,4
40,71,1
40,76,4
40,78,1
40,79,1
40,80,3
40,82,2
40,84,5
40,86,4
40,91,5
40,92,3
40,97,1
40,98,3
41,9,2
41,10,3
41,12,1
41,13,5
41,14,1
41,15,1
41,17,3
41,18,5
41,19,5
41,22,3
41,24,3
41,25,4
41,29,2
41,30,1
41,31,1
41,32,2
41,33,5
41,35,1
41,36,1
41,39,3
41,42,5
41,43,3
41,44,5
41,46,4
41,47,4
41,48,4
41,50,1
41,52,3
41,54,5
41,55,3
41,57,2
41,58,5
41,61,5
41,62,3
41,65,5
41,66,3
41,67,5
41,68,2
41,69,3
41,70,4
41,71,4
41,72,5
41,73,5
41,74,1
41,75,1
41,77,1
41,79,2
41,80,5
41,81,5
41,82,5
41,84,3
41,87,3
41,89,3
41,91,2
41,92,2
41,93,1
41,94,2
41,96,5
41,98,5
41,99,1
42,2,3
42,3,4
42,4,1
42,5,5
42,11,1
42,16,5
42,19,5
42,21,2
42,26,1
42,27,3
42,28,4
42,29,1
42,33,5
42,34,3
42,35,1
42,36,4
42,43,1
42,45,5
42,48,5
42,49,2
42,51,3
42,52,4
42,53,3
42,55,3
42,58,4
42,59,3
42,62,2
42,63,1
42,64,5
42,65,2
42,67,2
42,70,2
42,72,4
42,74,3
42,76,3
42,77,2
42,78,3
42,80,1
42,82,3
42,83,3
42,84,1
42,85,3
42,86,2
42,87,3
42,91,5
42,92,2
42,95,1
42,96,2
42,98,1
42,99,3
42,100,4
43,3,4
43,5,1
43,6,5
43,7,4
43,8,3
43,10,2
43,11,1
43,12,4
43,15,2
43,18,1
43,19,4
43,22,5
43,23,3
43,27,2
43,29,1
43,30,5
43,31,4
43,32,4
43,33,2
43,38,1
43,39,2
43,40,5
43,42,4
43,45,1
43,49,1
43,51,5
43,54,5
43,57,1
43,58,2
43,59,3
43,62,1
43,65,5
43,66,1
43,67,2
43,69,5
43,72,3
43,76,3
43,77,1
43,78,5
43,79,4
43,80,3
43,84,2
43,86,4
43,88,5
43,89,2
43,90,2
43,92,3
43,94,3
43,95,4
43,96,2
43,98,5
43,99,3
43,100,5
44,2,5
44,3,4
44,5,5
44,8,4
44,10,4
44,11,2
44,13,2
44,14,1
44,16,3
44,18,4
44,19,3
44,21,3
44,22,5
44,26,1
44,27,5
44,28,3
44,31,3
44,33,1
44,35,3
44,36,3
44,40,3
44,42,4
44,43,4
44,47,2
44,48,1
44,51,3
44,52,3
44,55,4
44,57,1
44,58,1
44,60,1
44,62,2
44,63,5
44,64,3
44,66,1
44,68,1
44,69,2
44,70,2
44,71,4
44,72,5
44,75,2
44,76,5
44,77,3
44,78,2
44,79,1
44,81,4
44,83,5
44,85,3
44,87,3
44,88,4
44,89,2
44,90,1
44,91,3
44,98,5
44,99,2
44,100,2
45,1,2
45,3,4
45,8,2
45,9,2
45,10,2
45,11,1
45,12,2
45,13,4
45,19,4
45,21,4
45,22,1
45,24,1
45,25,1
45,28,4
45,29,2
45,31,2
45,32,4
45,35,4
45,37,3
45,38,3
45,40,2
45,41,2
45,42,5
45,47,4
45,49,3
45,50,4
45,52,1
45,54,3
45,55,1
45,56,1
45,58,5
45,61,5
45,64,1
45,65,4
45,68,4
45,69,5
45,73,1
45,75,2
45,77,1
45,78,3
45,79,3
45,81,3
45,82,3
45,90,2
45,91,1
45,92,4
45,94,4
45,95,3
45,96,5
45,97,5
45,98,1
45,100,4
46,1,1
46,4,5
46,5,3
46,6,3
46,9,5
46,10,3
46,11,3
46,13,1
46,16,1
46,17,4
46,21,5
46,23,1
46,24,4
46,27,3
46,28,2
46,30,4
46,31,2
46,32,3
46,34,2
46,35,2
46,36,1
46,38,1
46,40,4
46,41,4
46,45,1
46,47,5
46,48,2
46,49,3
46,51,2
46,52,2
46,56,5
46,57,1
46,58,3
46,59,4
46,60,1
46,62,4
46,64,5
46,68,4
46,69,4
46,71,5
46,75,1
46,76,1
46,78,3
46,80,3
46,81,3
46,83,4
46,84,1
46,86,3
46,87,1
46,88,5
46,89,4
46,90,5
46,92,3
46,94,1
46,95,3
46,96,4
47,1,2
47,2,1
47,3,5
47,5,2
47,11,2
47,12,4
47,18,5
47,19,4
47,21,3
47,25,2
47,26,2
47,27,5
47,29,5
47,30,1
47,31,2
47,33,2
47,35,2
47,36,4
47,39,1
47,40,3
47,42,4
47,48,4
47,50,2
47,52,4
47,54,3
47,55,1
47,56,5
47,57,3
47,58,5
47,60,5
47,61,4
47,62,5
47,63,1
47,64,5
47,68,1
47,72,5
47,73,4
47,78,3
47,79,3
47,81,4
47,82,4
47,83,1
47,84,2
47,85,5
47,90,5
47,92,4
47,95,5
47,96,2
47,98,1
48,1,2
48,2,1
48,3,4
48,4,2
48,5,2
48,9,4
48,11,5
48,12,5
48,13,1
48,17,5
48,18,3
48,20,2
48,22,3
48,25,1
48,27,5
48,28,5
48,30,1
48,31,2
48,32,1
48,33,5
48,34,5
48,35,5
48,41,5
48,42,4
48,45,3
48,47,5
48,50,1
48,54,1
48,55,2
48,56,5
48,57,5
48,59,1
48,61,1
48,62,5
48,64,5
48,65,1
48,68,2
48,71,1
48,73,1
48,74,4
48,76,2
48,79,1
48,81,1
48,82,3
48,83,3
48,85,1
48,86,5
48,87,3
48,91,5
48,92,3
48,93,3
48,94,5
48,95,3
48,96,4
48,99,3
48,100,1
49,2,3
49,3,1
49,4,3
49,5,2
49,8,4
49,10,3
49,12,2
49,14,1
49,15,2
49,20,4
49,21,4
49,22,5
49,23,1
49,24,2
49,28,1
49,29,3
49,31,2
49,32,5
49,33,3
49,34,1
49,36,5
49,37,1
49,38,2
49,40,3
49,44,2
49,46,1
49,48,5
49,53,5
49,54,1
49,55,5
49,57,5
49,58,2
49,59,1
49,62,2
49,64,4
49,65,5
49,66,1
49,67,4
49,69,2
49,70,3
49,72,5
49,75,5
49,76,4
49,77,2
49,78,2
49,80,2
49,83,5
49,84,3
49,86,4
49,90,3
49,93,3
49,95,4
49,98,1
49,99,3
49,100,5
50,1,5
50,2,4
50,4,2
50,5,5
50,6,4
50,7,5
50,8,5
50,9,2
50,18,3
50,19,4
50,20,2
50,24,1
50,26,1
50,28,2
50,29,4
50,30,2
50,31,5
50,32,1
50,35,1
50,38,2
50,39,4
50,41,3
50,42,4
50,45,3
50,46,4
50,47,4
50,54,5
50,56,5
50,57,2
50,59,3
50,61,5
50,62,2
50,65,5
50,66,3
50,67,3
50,69,4
50,70,3
50,71,2
50,72,3
50,78,2
50,80,1
50,82,3
50,83,2
50,85,1
50,87,2
50,88,5
50,89,1
50,92,1
50,94,4
50,97,2
50,99,3
50,100,2
51,2,1
51,7,4
51,8,5
51,9,2
51,12,1
51,15,4
51,16,3
51,17,2
51,18,4
51,19,4
51,20,1
51,22,1
51,25,1
51,26,5
51,29,4
51,33,4
51,34,1
51,35,2
51,37,2
51,38,1
51,39,1
51,41,1
51,42,3
51,43,3
51,46,5
51,48,3
51,55,1
51,57,5
51,61,1
51,64,1
51,65,3
51,66,2
51,67,4
51,69,1
51,73,2
51,74,3
51,76,4
51,81,4
51,87,5
51,88,3
51,89,2
51,91,1
51,92,5
51,93,3
51,95,5
51,96,2
51,97,3
51,99,3
51,100,5
52,1,5
52,3,4
52,6,4
52,7,5
52,9,1
52,13,5
52,14,3
52,18,3
52,19,4
52,20,3
52,21,2
52,24,5
52,27,3
52,28,4
52,29,5
52,32,1
52,37,5
52,39,5
52,40,2
52,41,1
52,45,5
52,48,4
52,50,3
52,51,1
52,55,4
52,60,4
52,62,3
52,65,5
52,67,2
52,69,2
52,71,3
52,72,1
52,73,2
52,75,3
52,76,4
52,78,3
52,80,4
52,82,3
52,83,3
52,87,4
52,90,1
52,91,1
52,92,1
52,95,3
52,98,5
52,99,5
52,100,1
53,6,3
53,7,5
53,8,4
53,9,5
53,12,2
53,13,1
53,14,1
53,16,5
53,17,1
53,19,4
53,23,1
53,26,3
53,27,2
53,29,5
53,34,1
53,36,2
53,38,3
53,39,3
53,42,5
53,45,3
53,46,4
53,47,4
53,50,4
53,51,4
53,52,5
53,54,4
53,56,4
53,57,3
53,59,1
53,61,3
53,63,3
53,64,2
53,69,2
53,70,4
53,72,3
53,73,3
53,75,3
53,76,3
53,78,3
53,80,1
53,81,1
53,82,5
53,84,4
53,86,4
53,88,5
53,91,2
53,95,4
53,97,3
53,98,2
53,100,5
54,1,2
54,4,3
54,6,3
54,7,3
54,8,4
54,9,4
54,10,1
54,15,5
54,17,4
54,20,2
54,21,3
54,22,3
54,23,2
54,25,5
54,26,3
54,28,2
54,30,2
54,31,1
54,33,2
54,36,1
54,37,1
54,39,1
54,40,5
54,41,2
54,43,5
54,50,3
54,52,5
54,57,3
54,59,5
54,62,1
54,63,2
54,64,4
54,65,5
54,75,4
54,76,5
54,77,2
54,78,4
54,81,2
54,82,4
54,94,2
54,97,3
54,99,1
54,100,5
55,1,4
55,4,2
55,6,4
55,8,1
55,11,2
55,12,4
55,16,2
55,18,5
55,22,4
55,24,2
55,25,1
55,26,3
55,28,5
55,30,5
55,32,3
55,37,4
55,38,4
55,39,2
55,41,5
55,42,2
55,43,4
55,44,5
55,45,3
55,46,2
55,47,3
55,48,5
55,50,5
55,51,5
55,52,2
55,53,5
55,59,2
55,61,3
55,66,4
55,67,2
55,69,2
55,72,5
55,73,4
55,75,4
55,76,3
55,78,5
55,81,2
55,82,4
55,85,3
55,86,5
55,87,5
55,89,5
55,92,4
55,93,2
55,94,2
55,97,2
55,100,3
56,5,1
56,9,5
56,11,4
56,12,4
56,15,2
56,16,5
56,18,1
56,19,1
56,20,1
56,21,2
56,22,4
56,25,5
56,26,3
56,27,5
56,30,2
56,31,1
56,33,4
56,35,3
56,37,2
56,42,3
56,43,3
56,44,3
56,51,5
56,54,5
56,57,5
56,58,2
56,59,2
56,61,1
56,63,4
56,64,5
56,65,1
56,69,5
56,75,3
56,76,2
56,77,5
56,78,4
56,80,5
56,82,1
56,86,1
56,87,1
56,89,1
56,91,5
56,93,2
56,94,2
56,95,4
56,98,2
56,99,3
57,1,3
57,2,2
57,4,4
57,5,4
57,6,4
57,7,4
57,10,2
57,11,3
57,14,3
57,15,2
57,16,2
57,20,3
57,22,4
57,23,2
57,24,5
57,25,3
57,26,2
57,27,3
57,28,5
57,29,2
57,30,2
57,31,2
57,33,5
57,35,5
57,36,1
57,41,1
57,44,2
57,47,2
57,48,3
57,49,3
57,50,2
57,52,1
57,53,1
57,54,3
57,58,2
57,59,3
57,62,5
57,68,1
57,71,2
57,73,3
57,74,3
57,75,3
57,77,1
57,83,2
57,84,1
57,85,5
57,87,1
57,89,5
57,92,3
57,93,3
57,95,2
57,96,1
57,98,3
57,99,4
58,1,1
58,2,4
58,3,2
58,6,3
58,7,1
58,8,4
58,11,2
58,12,4
58,13,1
58,14,2
58,17,2
58,18,3
58,19,3
58,20,1
58,22,5
58,23,4
58,25,5
58,27,5
58,28,2
58,29,1
58,35,5
58,38,3
58,39,5
58,40,3
58,41,2
58,46,2
58,47,1
58,48,5
58,50,5
58,51,4
58,55,5
58,56,2
58,59,5
58,60,5
58,62,4
58,63,5
58,64,1
58,66,1
58,68,5
58,70,1
58,73,4
58,74,4
58,76,3
58,77,1
58,78,4
58,79,1
58,81,2
58,82,5
58,84,3
58,85,5
58,87,5
58,91,3
58,92,1
58,95,4
58,96,5
58,98,3
58,99,2
58,100,4
59,1,5
59,2,4
59,3,4
59,4,3
59,5,1
59,6,3
59,8,3
59,9,2
59,10,1
59,13,3
59,15,1
59,16,3
59,18,4
59,19,3
59,26,2
59,27,3
59,29,5
59,30,5
59,32,2
59,33,3
59,34,4
59,36,1
59,38,1
59,39,5
59,41,5
59,43,1
59,45,4
59,47,1
59,52,4
59,54,5
59,55,2
59,56,4
59,60,4
59,62,1
59,64,5
59,67,4
59,68,2
59,70,5
59,71,2
59,74,3
59,75,5
59,76,1
59,78,5
59,81,5
59,83,1
59,84,1
59,85,3
59,87,2
59,89,2
59,90,3
59,92,2
59,93,4
59,95,2
59,97,3
59,98,2
59,99,1
59,100,5
60,1,3
60,2,4
60,5,2
60,6,4
60,8,5
60,9,1
60,10,5
60,13,1
60,15,4
60,17,2
60,18,4
60,19,5
60,20,2
60,24,1
60,25,3
60,26,1
60,28,2
60,29,2
60,32,4
60,33,4
60,35,5
60,36,4
60,40,1
60,41,3
60,47,4
60,48,3
60,49,2
60,52,1
60,54,2
60,56,5
60,59,3
60,62,2
60,63,2
60,65,2
60,66,2
60,67,2
60,68,4
60,71,5
60,72,4
60,73,1
60,74,5
60,76,4
60,80,3
60,82,1
60,83,3
60,84,5
60,85,2
60,86,1
60,87,4
60,88,5
60,90,5
60,92,3
60,93,2
60,94,5
60,97,3
60,98,3
60,100,2
61,3,3
61,4,1
61,6,1
61,12,2
61,14,4
61,16,3
61,18,3
61,19,5
61,20,4
61,23,5
61,25,1
61,28,3
61,29,5
61,30,4
61,32,3
61,37,3
61,39,3
61,40,2
61,41,5
61,43,1
61,44,3
61,47,1
61,49,2
61,50,5
61,53,1
61,54,2
61,58,3
61,62,4
61,63,2
61,64,1
61,66,1
61,71,5
61,72,3
61,75,3
61,77,1
61,79,2
61,80,1
61,83,2
61,87,2
61,90,1
61,94,2
61,96,1
61,99,3
62,2,4
62,4,2
62,5,3
62,6,2
62,7,3
62,12,4
62,14,5
62,16,1
62,18,2
62,19,4
62,22,1
62,23,4
62,25,1
62,26,4
62,29,1
62,31,1
62,35,5
62,36,3
62,37,1
62,38,5
62,41,4
62,42,1
62,43,2
62,44,3
62,45,4
62,47,5
62,48,2
62,49,3
62,53,2
62,54,4
62,55,3
62,56,5
62,57,2
62,59,4
62,60,3
62,61,3
62,63,4
62,68,4
62,69,5
62,74,3
62,76,2
62,78,4
62,79,3
62,81,1
62,82,2
62,83,2
62,84,5
62,86,5
62,87,2
62,88,4
62,89,2
62,91,2
62,96,3
62,97,4
63,1,5
63,3,1
63,5,4
63,6,2
63,7,1
63,12,5
63,14,2
63,16,3
63,20,2
63,23,3
63,24,4
63,26,1
63,28,1
63,32,3
63,33,5
63,35,3
63,36,4
63,37,1
63,39,5
63,40,4
63,41,5
63,44,5
63,45,3
63,47,1
63,49,5
63,50,2
63,55,3
63,58,2
63,60,5
63,62,5
63,65,4
63,66,1
63,67,4
63,68,3
63,69,4
63,72,3
63,73,5
63,74,2
63,75,1
63,76,3
63,77,2
63,79,1
63,80,2
63,81,3
63,82,3
63,83,1
63,85,1
63,86,5
63,88,3
63,89,4
63,91,5
63,94,3
63,96,2
63,98,2
63,100,3
64,4,2
64,5,3
64,7,5
64,8,4
64,9,4
64,11,5
64,12,2
64,14,5
64,16,3
64,18,5
64,20,3
64,23,5
64,24,4
64,28,3
64,29,2
64,30,5
64,31,4
64,34,5
64,35,1
64,36,1
64,37,3
64,38,1
64,40,1
64,42,5
64,43,2
64,45,2
64,47,4
64,49,2
64,51,4
64,53,2
64,60,1
64,61,2
64,62,2
64,66,2
64,67,2
64,68,2
64,72,2
64,73,3
64,75,3
64,78,4
64,79,1
64,81,1
64,82,4
64,83,3
64,87,4
64,88,4
64,89,2
64,90,3
64,92,3
64,94,4
64,98,1
64,100,1
65,1,2
65,2,4
65,4,3
65,5,2
65,7,5
65,8,4
65,9,4
65,11,2
65,12,1
65,16,2
65,17,2
65,18,4
65,19,4
65,21,2
65,22,1
65,23,2
65,26,1
65,27,2
65,35,5
65,39,1
65,40,5
65,42,1
65,43,1
65,44,2
65,45,1
65,46,1
65,48,5
65,52,2
65,53,1
65,54,3
65,56,3
65,57,2
65,59,3
65,60,4
65,61,2
65,62,1
65,66,1
65,67,2
65,69,2
65,70,3
65,71,5
65,74,2
65,79,4
65,82,4
65,83,2
65,84,4
65,88,3
65,89,3
65,91,4
65,93,2
65,96,1
65,97,1
65,98,4
65,99,1
65,100,4
66,2,4
66,4,4
66,7,5
66,9,5
66,10,1
66,14,5
66,18,2
66,23,3
66,24,5
66,26,3
66,27,2
66,31,1
66,33,5
66,35,2
66,38,1
66,39,4
66,44,2
66,45,2
66,47,4
66,48,5
66,49,3
66,50,3
66,51,5
66,52,3
66,55,3
66,59,3
66,60,1
66,61,3
66,67,2
66,68,2
66,69,2
66,70,2
66,72,2
66,73,1
66,74,1
66,75,4
66,77,3
66,80,3
66,81,5
66,82,5
66,84,2
66,85,4
66,86,4
66,88,2
66,91,2
66,94,2
66,96,4
66,97,5
66,98,3
66,99,3
66,100,3
67,4,5
67,5,2
67,6,2
67,7,2
67,9,2
67,12,2
67,13,5
67,16,3
67,18,4
67,19,5
67,20,5
67,21,2
67,22,1
67,23,4
67,24,2
67,27,5
67,28,3
67,29,2
67,30,2
67,33,1
67,35,1
67,37,5
67,39,2
67,41,2
67,44,5
67,45,1
67,46,2
67,50,1
67,51,4
67,52,1
67,59,5
67,61,4
67,64,4
67,65,5
67,66,3
67,68,4
67,71,4
67,72,4
67,73,1
67,75,3
67,79,1
67,80,4
67,82,3
67,87,2
67,88,1
67,89,1
67,91,5
67,92,1
67,93,2
67,94,3
67,96,1
67,97,1
67,98,1
67,100,3
68,4,3
68,5,5
68,9,5
68,10,2
68,12,2
68,18,3
68,21,4
68,23,2
68,25,1
68,26,3
68,27,1
68,30,4
68,31,3
68,33,3
68,34,5
68,35,3
68,36,5
68,37,3
68,40,1
68,43,2
68,44,4
68,45,4
68,46,5
68,50,4
68,51,2
68,52,5
68,53,5
68,54,5
68,55,2
68,61,4
68,62,5
68,63,5
68,64,3
68,66,1
68,67,4
68,69,5
68,70,4
68,74,5
68,77,3
68,79,1
68,80,4
68,81,3
68,83,1
68,88,3
68,89,5
68,95,4
68,96,2
68,97,1
69,2,4
69,7,4
69,9,2
69,15,5
69,16,5
69,20,3
69,21,4
69,22,2
69,23,3
69,26,4
69,30,1
69,31,2
69,34,4
69,36,1
69,37,1
69,38,4
69,42,4
69,44,5
69,45,2
69,46,5
69,47,3
69,48,1
69,50,4
69,52,5
69,53,3
69,56,4
69,57,4
69,58,4
69,59,4
69,60,3
69,62,5
69,63,1
69,67,2
69,73,4
69,74,2
69,75,3
69,78,2
69,79,4
69,84,4
69,85,4
69,88,4
69,89,5
69,90,2
69,93,5
69,95,3
69,99,4
69,100,3
70,1,3
70,5,3
70,8,3
70,13,5
70,14,4
70,19,2
70,22,1
70,23,5
70,25,3
70,26,1
70,29,5
70,31,5
70,32,3
70,33,1
70,34,1
70,40,1
70,41,3
70,42,4
70,43,3
70,46,5
70,47,2
70,48,3
70,49,1
70,54,5
70,56,1
70,58,5
70,59,3
70,60,3
70,62,2
70,63,5
70,65,5
70,66,5
70,68,1
70,69,1
70,74,1
70,75,2
70,76,1
70,77,2
70,78,2
70,80,4
70,81,1
70,82,3
70,86,1
70,87,3
70,89,3
70,90,3
70,94,3
70,97,4
70,98,3
70,99,5
71,1,1
71,2,3
71,4,5
71,7,1
71,8,4
71,10,2
71,11,3
71,16,1
71,20,5
71,22,3
71,23,3
71,24,1
71,27,5
71,28,1
71,31,2
71,35,2
71,36,5
71,39,5
71,41,4
71,42,1
71,45,3
71,46,1
71,47,1
71,48,5
71,50,2
71,51,5
71,53,1
71,56,5
71,57,2
71,58,5
71,61,5
71,63,3
71,64,2
71,65,1
71,66,3
71,67,1
71,68,4
71,69,5
71,70,5
71,73,2
71,74,5
71,75,5
71,77,3
71,78,3
71,80,2
71,84,3
71,85,3
71,87,4
71,88,1
71,90,5
71,95,5
71,99,3
72,1,2
72,2,1
72,3,3
72,5,4
72,12,1
72,13,2
72,14,4
72,16,1
72,19,4
72,20,4
72,27,4
72,28,2
72,29,1
72,30,5
72,33,1
72,34,4
72,35,5
72,36,2
72,37,4
72,38,5
72,40,5
72,41,5
72,44,2
72,45,3
72,46,2
72,48,1
72,51,3
72,53,5
72,55,1
72,56,1
72,57,3
72,58,2
72,60,4
72,61,2
72,62,3
72,64,3
72,65,2
72,68,1
72,69,2
72,75,3
72,76,5
72,78,5
72,79,1
72,82,2
72,83,4
72,87,5
72,88,2
72,92,4
72,95,1
72,97,5
72,98,5
73,1,4
73,2,5
73,6,4
73,7,4
73,8,1
73,9,5
73,11,3
73,14,4
73,17,5
73,18,3
73,19,3
73,21,4
73,23,2
73,25,4
73,27,4
73,28,5
73,33,4
73,35,1
73,36,1
73,39,2
73,42,2
73,44,3
73,48,5
73,49,1
73,50,5
73,52,5
73,53,4
73,54,4
73,55,5
73,58,1
73,59,1
73,61,2
73,68,4
73,70,4
73,75,2
73,77,2
73,80,4
73,81,1
73,82,2
73,83,4
73,84,5
73,85,2
73,86,3
73,88,2
73,89,2
73,90,1
73,91,1
73,93,3
73,94,3
73,95,1
73,96,1
73,98,1
73,99,5
73,100,1
74,1,2
74,3,1
74,4,3
74,7,4
74,8,5
74,11,1
74,13,4
74,14,2
74,15,5
74,20,2
74,22,4
74,23,4
74,27,1
74,28,3
74,29,3
74,30,2
74,32,5
74,33,4
74,35,4
74,36,1
74,38,2
74,39,1
74,42,1
74,43,2
74,44,2
74,46,5
74,50,3
74,52,5
74,53,3
74,54,2
74,57,3
74,58,1
74,59,2
74,60,2
74,61,2
74,63,3
74,64,5
74,65,3
74,66,2
74,67,2
74,72,2
74,76,1
74,79,4
74,81,2
74,86,3
74,87,2
74,88,2
74,89,3
74,93,5
74,94,1
74,95,3
74,97,2
74,98,2
74,99,1
75,1,4
75,3,3
75,8,2
75,9,4
75,17,3
75,18,4
75,21,5
75,22,5
75,26,3
75,27,3
75,28,4
75,29,4
75,31,2
75,32,4
75,33,1
75,34,4
75,35,2
75,37,5
75,38,4
75,39,2
75,40,3
75,41,4
75,43,1
75,47,5
75,48,5
75,51,1
75,53,4
75,55,5
75,56,3
75,57,3
75,58,3
75,59,1
75,60,2
75,63,4
75,64,1
75,65,2
75,67,2
75,68,3
75,72,5
75,74,3
75,76,2
75,81,2
75,86,1
75,87,1
75,88,3
75,89,3
75,90,4
75,91,3
75,93,2
75,95,1
75,97,1
75,98,3
75,99,5
75,100,4
76,1,2
76,3,3
76,6,1
76,10,1
76,11,1
76,12,3
76,13,4
76,15,3
76,17,3
76,18,5
76,21,3
76,22,3
76,23,1
76,27,5
76,28,1
76,30,4
76,31,3
76,40,4
76,48,4
76,49,1
76,50,4
76,52,2
76,53,5
76,55,4
76,56,3
76,58,5
76,59,2
76,63,5
76,64,4
76,66,4
76,67,1
76,68,5
76,69,5
76,71,1
76,72,3
76,73,1
76,74,1
76,75,5
76,77,2
76,86,5
76,87,3
76,89,2
76,90,5
76,91,5
76,93,5
76,94,1
76,96,3
76,97,4
76,100,5
77,1,3
77,4,4
77,6,5
77,8,2
77,9,3
77,13,3
77,15,3
77,16,3
77,18,5
77,19,4
77,22,1
77,23,1
77,24,1
77,27,3
77,29,3
77,30,5
77,32,5
77,35,5
77,38,1
77,40,4
77,42,5
77,44,5
77,45,1
77,48,4
77,50,4
77,51,4
77,52,4
77,56,1
77,57,4
77,58,4
77,60,3
77,63,2
77,64,5
77,65,4
77,68,1
77,69,5
77,70,5
77,72,4
77,74,3
77,82,4
77,85,2
77,89,5
77,91,3
77,92,2
77,94,5
77,95,3
77,96,1
77,98,2
77,99,3
78,1,1
78,2,4
78,4,3
78,5,1
78,7,1
78,10,2
78,11,3
78,12,5
78,13,3
78,14,2
78,17,1
78,18,1
78,19,3
78,22,1
78,24,4
78,25,3
78,29,2
78,31,1
78,32,2
78,33,2
78,35,2
78,36,2
78,43,2
78,44,3
78,49,4
78,51,5
78,52,1
78,55,4
78,57,1
78,58,2
78,63,1
78,64,4
78,65,1
78,66,5
78,67,5
78,68,4
78,69,5
78,70,5
78,72,5
78,73,3
78,74,3
78,75,4
78,76,3
78,77,5
78,79,4
78,80,5
78,83,4
78,84,3
78,86,1
78,90,1
78,91,3
78,92,3
78,94,3
78,96,4
78,98,1
78,100,5
79,2,4
79,3,3
79,4,5
79,5,2
79,7,5
79,9,5
79,10,2
79,19,3
79,22,4
79,27,3
79,29,5
79,30,3
79,32,2
79,33,1
79,38,1
79,39,4
79,40,4
79,41,1
79,42,4
79,44,3
79,47,4
79,48,3
79,53,2
79,54,3
79,55,4
79,56,2
79,58,1
79,61,2
79,63,3
79,66,4
79,67,3
79,68,5
79,69,1
79,70,4
79,71,2
79,75,1
79,77,2
79,83,2
79,84,1
79,86,5
79,87,3
79,88,1
79,89,4
79,91,4
79,93,2
79,94,2
79,95,1
79,97,4
80,1,4
80,2,5
80,3,2
80,5,1
80,8,5
80,9,1
80,10,3
80,12,4
80,13,1
80,16,4
80,18,5
80,20,2
80,21,2
80,22,2
80,24,2
80,26,5
80,27,1
80,29,2
80,31,4
80,36,3
80,37,1
80,38,4
80,42,5
80,48,4
80,51,2
80,54,4
80,55,5
80,60,1
80,61,1
80,62,2
80,64,3
80,67,5
80,69,2
80,70,1
80,72,2
80,81,2
80,83,3
80,84,1
80,85,3
80,88,5
80,89,5
80,90,1
80,91,1
80,92,4
80,93,4
80,95,2
80,97,4
80,98,1
81,1,5
81,3,2
81,5,4
81,6,3
81,7,1
81,9,2
81,10,4
81,12,3
81,13,5
81,14,3
81,15,1
81,18,3
81,20,4
81,22,3
81,24,2
81,25,3
81,26,4
81,29,2
81,32,1
81,33,4
81,35,1
81,37,1
81,38,5
81,39,2
81,46,2
81,49,4
81,52,3
81,53,3
81,60,5
81,64,2
81,65,2
81,67,5
81,68,4
81,69,4
81,73,4
81,74,2
81,76,1
81,77,3
81,78,4
81,82,1
81,83,3
81,84,4
81,85,2
81,86,4
81,87,4
81,88,1
81,89,5
81,91,5
81,93,4
81,96,4
81,98,2
82,1,5
82,4,4
82,6,4
82,8,5
82,9,3
82,12,3
82,14,4
82,16,2
82,18,2
82,22,3
82,27,2
82,32,2
82,33,2
82,36,2
82,39,2
82,41,5
82,49,3
82,50,2
82,52,2
82,53,2
82,60,5
82,62,2
82,63,4
82,64,4
82,68,5
82,70,2
82,71,5
82,72,2
82,75,4
82,77,3
82,80,1
82,81,2
82,83,5
82,84,1
82,85,3
82,86,4
82,88,1
82,90,4
82,94,4
82,95,2
82,96,1
82,98,3
83,2,1
83,4,1
83,5,5
83,7,4
83,8,2
83,10,4
83,13,2
83,15,4
83,16,5
83,17,5
83,19,4
83,23,2
83,25,4
83,29,3
83,31,2
83,34,5
83,35,5
83,36,2
83,40,3
83,42,1
83,43,5
83,44,4
83,45,1
83,51,1
83,52,4
83,55,1
83,59,5
83,63,2
83,69,1
83,70,5
83,71,4
83,74,5
83,75,5
83,76,5
83,77,1
83,78,2
83,84,4
83,86,1
83,87,4
83,91,3
83,93,5
83,94,1
83,99,1
83,100,4
84,2,4
84,3,1
84,4,4
84,5,3
84,6,5
84,8,4
84,10,1
84,11,5
84,13,2
84,14,5
84,16,4
84,17,3
84,18,2
84,19,1
84,23,4
84,24,2
84,25,1
84,27,3
84,30,1
84,31,3
84,37,2
84,38,1
84,42,3
84,43,2
84,46,4
84,47,5
84,49,5
84,51,1
84,53,3
84,55,5
84,57,3
84,58,3
84,60,3
84,61,4
84,62,1
84,65,4
84,66,2
84,70,2
84,73,5
84,74,2
84,80,4
84,81,4
84,82,4
84,83,1
84,85,5
84,86,3
84,88,3
84,89,5
84,90,1
84,92,5
84,94,3
84,95,2
84,96,1
84,98,1
84,100,4
85,1,4
85,4,2
85,5,2
85,7,1
85,10,4
85,14,3
85,15,4
85,18,3
85,19,4
85,20,1
85,21,5
85,24,5
85,25,1
85,28,3
85,29,5
85,31,2
85,38,3
85,39,3
85,41,3
85,43,4
85,44,2
85,45,4
85,46,5
85,47,1
85,48,3
85,50,4
85,51,4
85,52,5
85,54,4
85,58,2
85,60,3
85,62,1
85,65,5
85,68,3
85,69,1
85,71,3
85,72,3
85,75,3
85,76,4
85,77,5
85,78,3
85,79,2
85,82,1
85,84,4
85,86,3
85,87,5
85,89,2
85,90,4
85,91,4
85,93,5
85,94,1
85,95,3
85,97,4
85,100,3
86,1,3
86,3,1
86,4,2
86,6,3
86,7,3
86,8,1
86,9,1
86,13,4
86,14,4
86,17,5
86,20,5
86,22,5
86,24,1
86,28,5
86,30,4
86,31,1
86,34,5
86,39,1
86,40,3
86,41,3
86,44,2
86,46,5
86,47,2
86,49,1
86,50,5
86,54,1
86,55,3
86,58,1
86,59,2
86,61,4
86,62,1
86,63,4
86,64,1
86,65,2
86,67,3
86,68,1
86,69,1
86,70,4
86,72,5
86,73,3
86,74,1
86,75,3
86,76,3
86,80,2
86,81,4
86,84,4
86,85,3
86,87,2
86,90,3
86,93,3
86,94,4
86,95,3
86,96,2
87,4,1
87,5,2
87,6,2
87,7,4
87,10,3
87,11,5
87,12,5
87,15,5
87,17,5
87,18,2
87,19,4
87,21,2
87,22,5
87,24,2
87,25,2
87,26,4
87,28,1
87,29,4
87,30,4
87,33,3
87,36,5
87,37,3
87,38,1
87,40,2
87,42,4
87,43,2
87,45,5
87,46,2
87,48,5
87,49,5
87,50,3
87,53,2
87,54,1
87,57,1
87,60,4
87,61,3
87,63,1
87,65,4
87,66,1
87,67,4
87,69,2
87,70,5
87,71,1
87,72,4
87,73,2
87,74,2
87,76,2
87,77,3
87,81,2
87,82,2
87,83,3
87,86,4
87,89,5
87,91,4
87,96,1
87,97,2
88,1,3
88,6,3
88,9,5
88,10,1
88,14,5
88,16,5
88,18,3
88,19,3
88,20,1
88,21,1
88,23,2
88,24,5
88,25,5
88,26,5
88,28,2
88,30,5
88,31,3
88,32,5
88,34,5
88,35,2
88,36,5
88,38,3
88,39,1
88,41,2
88,42,2
88,47,3
88,48,2
88,49,5
88,53,4
88,55,3
88,57,3
88,62,3
88,64,4
88,67,2
88,69,2
88,70,5
88,75,1
88,77,5
88,78,4
88,80,2
88,81,5
88,82,4
88,85,2
88,87,5
88,89,2
88,90,5
88,91,4
88,92,2
88,94,2
88,95,2
88,98,5
88,99,4
89,5,2
89,7,2
89,8,3
89,10,1
89,11,2
89,12,5
89,13,1
89,14,1
89,15,1
89,16,2
89,19,5
89,21,4
89,28,1
89,30,2
89,31,2
89,32,1
89,34,2
89,36,5
89,37,2
89,43,3
89,44,2
89,46,3
89,47,5
89,51,2
89,52,5
89,57,5
89,58,3
89,61,4
89,65,3
89,71,2
89,72,5
89,73,4
89,75,4
89,76,4
89,77,4
89,80,5
89,81,4
89,82,5
89,83,4
89,86,4
89,91,5
89,92,3
89,94,3
89,99,3
90,3,1
90,4,5
90,5,1
90,6,2
90,9,2
90,10,5
90,11,3
90,14,4
90,16,2
90,19,1
90,20,1
90,21,4
90,22,5
90,25,5
90,26,3
90,28,1
90,29,4
90,34,1
90,36,3
90,39,2
90,40,3
90,42,4
90,43,2
90,45,3
90,46,2
90,51,5
90,53,4
90,54,3
90,55,3
90,56,2
90,58,2
90,61,4
90,62,1
90,65,1
90,66,5
90,68,2
90,69,2
90,71,2
90,72,5
90,75,2
90,76,3
90,77,3
90,78,2
90,79,3
90,80,2
90,85,3
90,86,2
90,87,3
90,88,4
90,93,1
90,94,4
90,95,4
90,99,3
90,100,4
91,3,3
91,5,3
91,7,4
91,8,1
91,12,5
91,14,3
91,15,3
91,17,1
91,18,3
91,19,1
91,23,4
91,24,3
91,26,5
91,29,5
91,30,2
91,31,3
91,32,4
91,34,3
91,35,5
91,37,5
91,38,2
91,39,2
91,40,3
91,41,2
91,43,1
91,44,2
91,45,4
91,46,4
91,48,5
91,53,4
91,54,1
91,56,3
91,57,2
91,62,4
91,64,1
91,66,1
91,67,3
91,68,4
91,70,4
91,72,3
91,74,4
91,75,1
91,76,3
91,78,2
91,82,3
91,84,5
91,85,1
91,93,5
91,94,5
91,95,2
91,96,2
91,98,5
92,3,3
92,4,5
92,5,2
92,12,5
92,13,2
92,15,2
92,18,5
92,23,3
92,24,5
92,25,5
92,26,4
92,28,4
92,32,3
92,33,1
92,40,2
92,42,2
92,45,2
92,47,1
92,48,3
92,49,2
92,50,3
92,51,5
92,53,1
92,54,1
92,56,1
92,57,1
92,58,3
92,59,5
92,60,3
92,61,5
92,62,3
92,63,5
92,68,1
92,69,4
92,70,5
92,71,2
92,72,3
92,73,3
92,74,3
92,75,4
92,76,2
92,77,3
92,78,1
92,80,2
92,81,1
92,82,3
92,85,4
92,86,4
92,88,4
92,89,1
92,91,1
92,94,5
92,95,1
92,97,3
92,99,3
92,100,4
93,1,4
93,2,4
93,3,4
93,4,4
93,5,2
93,6,4
93,9,1
93,10,5
93,11,4
93,13,2
93,14,1
93,16,2
93,20,3
93,21,1
93,24,1
93,25,4
93,26,1
93,29,4
93,30,3
93,36,2
93,40,1
93,43,4
93,44,4
93,46,5
93,48,4
93,49,3
93,50,3
93,52,1
93,53,3
93,54,3
93,55,4
93,58,3
93,64,1
93,65,5
93,67,1
93,68,5
93,69,3
93,70,4
93,72,3
93,74,2
93,79,4
93,82,2
93,83,2
93,84,3
93,87,4
93,88,2
93,90,4
93,91,4
93,94,3
93,95,2
93,98,1
94,1,2
94,2,3
94,6,5
94,10,2
94,12,4
94,13,4
94,14,5
94,17,2
94,18,3
94,21,4
94,22,2
94,23,1
94,24,3
94,25,2
94,26,1
94,27,4
94,28,5
94,32,3
94,33,5
94,34,4
94,36,1
94,37,3
94,38,2
94,39,3
94,40,2
94,41,4
94,42,1
94,44,5
94,45,5
94,47,5
94,49,3
94,50,2
94,51,4
94,52,3
94,55,1
94,57,5
94,58,2
94,59,3
94,61,2
94,62,4
94,63,3
94,65,1
94,70,2
94,71,2
94,72,3
94,79,2
94,80,2
94,82,2
94,83,2
94,84,4
94,87,3
94,90,4
94,92,3
94,96,4
94,100,3
95,3,5
95,4,4
95,8,5
95,9,3
95,10,1
95,12,3
95,17,4
95,18,2
95,19,3
95,20,1
95,21,2
95,23,1
95,26,4
95,27,2
95,28,2
95,29,3
95,31,4
95,32,5
95,36,3
95,40,2
95,41,5
95,43,5
95,44,1
95,45,2
95,48,2
95,51,5
95,52,3
95,56,3
95,57,5
95,59,4
95,60,3
95,62,1
95,63,1
95,64,3
95,65,4
95,66,5
95,71,3
95,73,3
95,74,5
95,81,5
95,82,3
95,83,5
95,84,4
95,85,5
95,86,4
95,87,1
95,90,3
95,91,1
95,93,3
95,96,5
95,97,3
95,98,1
95,99,3
96,1,2
96,4,4
96,5,1
96,6,1
96,7,2
96,8,2
96,9,1
96,10,2
96,14,5
96,18,5
96,19,1
96,22,4
96,23,2
96,25,1
96,28,1
96,29,2
96,32,3
96,35,5
96,37,2
96,38,4
96,40,3
96,43,1
96,44,3
96,46,2
96,47,4
96,51,4
96,52,3
96,56,3
96,64,5
96,65,5
96,67,4
96,68,5
96,69,4
96,72,1
96,77,2
96,79,5
96,80,2
96,84,2
96,85,3
96,90,4
96,93,1
96,94,3
96,97,1
96,99,4
96,100,1
97,3,5
97,6,2
97,7,1
97,8,5
97,9,4
97,10,2
97,13,5
97,15,4
97,22,3
97,23,5
97,28,2
97,32,1
97,35,5
97,36,4
97,39,2
97,41,1
97,42,5
97,43,3
97,45,2
97,47,2
97,48,1
97,51,1
97,52,2
97,53,2
97,56,2
97,58,2
97,62,2
97,64,2
97,68,5
97,73,5
97,74,4
97,75,1
97,80,1
97,84,4
97,86,1
97,87,3
97,90,3
97,91,2
97,93,3
97,95,4
97,98,2
97,99,1
97,100,1
98,1,1
98,2,2
98,3,2
98,4,1
98,5,4
98,7,4
98,9,2
98,11,3
98,15,1
98,16,2
98,17,5
98,21,3
98,25,3
98,26,1
98,29,4
98,31,3
98,32,3
98,33,3
98,35,3
98,39,4
98,41,1
98,42,3
98,44,4
98,45,5
98,46,1
98,48,3
98,51,4
98,52,4
98,53,2
98,56,1
98,62,1
98,63,3
98,64,2
98,67,3
98,69,5
98,73,4
98,74,1
98,75,5
98,76,5
98,81,4
98,82,5
98,83,3
98,84,4
98,88,3
98,91,5
98,94,1
98,95,5
98,99,2
99,2,1
99,4,5
99,5,4
99,6,4
99,9,5
99,12,4
99,15,3
99,19,5
99,20,5
99,22,2
99,24,4
99,25,4
99,27,5
99,28,5
99,30,1
99,35,4
99,36,3
99,40,2
99,43,4
99,45,1
99,50,2
99,51,5
99,52,5
99,58,1
99,59,3
99,60,2
99,61,4
99,62,5
99,64,2
99,65,4
99,69,5
99,70,5
99,76,3
99,78,1
99,81,3
99,83,3
99,85,3
99,86,2
99,92,1
99,97,3
99,98,4
100,1,5
100,5,4
100,7,3
100,8,2
100,11,4
100,15,1
100,20,2
100,21,4
100,22,1
100,23,5
100,30,1
100,31,1
100,32,2
100,33,1
100,34,2
100,36,4
100,37,3
100,38,2
100,42,4
100,44,4
100,45,1
100,47,3
100,49,2
100,50,4
100,52,5
100,54,5
100,59,1
100,60,1
100,62,5
100,63,5
100,64,3
100,67,2
100,68,3
100,69,1
100,71,3
100,72,3
100,76,2
100,77,4
100,78,5
100,82,2
100,83,3
100,84,5
100,86,4
100,87,4
100,89,1
100,93,2
100,96,4
1,100
