1,20,3,5,7,6,21,9,8,11,23,4,12,10,16,13,2,31,18,24,27,14,15,19,46,36,28,22,43,29,41,30,34,25,56,61,47,39,38,40,32,42,26,51,55,52,72,33,35,17,81,37,50,80,60,73,49,54,62,48,59,76,67,45,64,79,58,66,74,94,65,53,69,63,75,86,68,83,77,96,93,98,99,78,57,84,90,71,88,85,82,70,87,97,100
1,20,44,14,95,91,8,11,23,100
1,20,89,10,3,5,7,6,21,9,48,100
1,20,12,15,2,31,18,24,92,33,19,100
1,37,13,4,19,100
1,40,25,56,19,100
1,51,22,24,27,14,16,59,36,28,32,42,26,30,34,38,58,29,41,35,100
1,60,52,100
1,67,35,100
1,71,46,23,100
1,74,39,23,100
1,75,43,45,52,100
1,77,23,100
1,20,23,100
1,20,23,100
