1,35,52,26,36,58,11,98,138,4,20,25,205,59,56,77,38,5,10,142,23,37,30,179,123,88,81,90,17,160,18,47,14,40,95,60,79,170,139,27,61,28,94,75,121,7,43,53,13,9,64,153,284,12,141,21,200,24,32,54,104,187,97,101,73,50,19,183,22,66,108,116,177,44,137,63,48,85,164,134,99,49,225,42,127,151,71,147,128,6,87,106,72,45,33,15,31,65,140,346,41,57,125,93,203,133,69,8,145,168,62,51,120,150,210,83,233,2,39,107,218,92,149,118,70,102,109,227,146,263,126,89,267,216,96,55,105,111,185,29,110,191,74,46,112,16,230,78,157,194,82,169,195,152,156,154,117,193,115,190,206,348,207,186,248,172,130,257,223,119,199,76,173,221,113,272,143,201,67,320,155,313,215,165,158,131,182,283,148,243,175,211,188,174,132,204,162,34,253,68,366,234,166,202,361,176,270,288,252,296,135,310,161,306,3,129,238,247,220,196,114,262,171,276,344,273,209,192,103,295,84,122,255,309,286,167,281,86,279,144,363,274,322,307,136,341,298,265,290,378,389,236,208,291,91,314,181,315,372,350,213,229,100,232,197,178,256,429,184,294,326,214,275,382,347,237,321,240,222,388,245,368,259,226,323,349,159,264,345,352,251,224,423,228,305,212,357,331,260,246,300,312,343,434,287,198,339,387,337,163,80,334,324,269,268,293,325,217,329,317,189,254,241,249,359,482,485,450,219,180,399,419,398,393,250,455,292,436,280,318,308,401,242,391,356,369,370,333,377,457,235,342,404,447,285,124,258,428,330,442,383,231,316,301,371,420,381,416,465,418,463,417,385,364,289,407,304,400,414,319,445,392,405,302,395,353,448,332,244,335,278,271,432,355,390,425,466,277,396,266,500
1,340,239,362,413,358,431,411,351,365,384,451,380,5,311,373,338,386,375,415,299,409,397,410,303,376,37,446,3,422,32,437,402,282,374,478,9,477,27,61,412,424,483,475,473,459,379,53,13,484,427,435,6,336,81,490,498,488,493,461,403,205,438,468,152,156,430,7,43,489,28,464,297,71,440,195,439,14,469,105,111,327,8,496,34,476,18,47,209,449,16,24,213,500
1,408,8,87,471,4,20,443,232,69,456,35,406,5,10,142,23,37,30,59,454,441,453,48,472,79,170,452,29,494,426,480,96,11,58,474,52,467,481,33,470,62,462,367,80,55,45,25,205,65,123,88,81,90,17,261,354,109,104,179,159,487,256,76,499,394,2,39,486,44,137,38,19,183,22,66,491,26,36,60,276,57,125,93,203,360,155,71,63,139,479,134,99,460,12,141,21,200,46,112,34,15,31,84,54,267,216,6,173,221,113,32,75,328,433,341,191,61,500
1,35,52,29,110,150,458,77,495,258,17,160,162,68,48,492,3,14,40,95,116,43,69,98,138,500
1,58,50,56,77,136,144,363,9,497,49,13,122,227,99,140,59,118,70,33,73,100,121,75,188,28,500
1,85,20,83,233,421,103,201,67,147,97,101,106,72,230,78,157,194,41,195,138,500
1,114,262,131,182,283,108,132,138,500
1,281,86,145,168,62,51,28,500
1,340,163,222,128,66,133,151,207,92,139,76,208,87,120,150,500
1,407,153,284,9,64,159,115,190,206,203,229,91,314,164,409,288,175,42,127,228,236,171,156,82,169,146,48,150,500
1,35,273,89,269,74,199,316,301,255,500
1,35,285,148,143,215,165,138,500
1,35,299,219,180,214,39,107,177,264,178,28,500
1,35,310,161,94,333,309,202,130,225,231,245,197,325,119,320,241,184,294,238,247,102,282,174,444,167,129,240,196,500
1,35,311,278,271,111,185,234,166,235,223,176,270,67,331,260,246,187,304,189,254,158,204,126,237,321,277,196,500
1,35,370,211,138,500
1,35,412,186,154,117,193,382,192,242,391,356,369,149,226,323,172,224,423,373,338,386,174,209,266,500
1,35,52,295,350,213,500
1,58,298,265,290,500
1,58,344,287,198,248,324,220,196,500
1,58,355,138,500
1,58,392,217,28,500
1,58,438,362,170,255,500
1,58,11,396,266,500
1,69,348,212,500
1,69,387,210,390,255,500
1,69,5,268,150,500
1,85,218,272,252,296,135,346,244,255,500
1,85,353,418,326,263,233,463,417,291,274,322,307,250,455,292,388,357,251,68,366,261,257,286,239,266,500
1,85,414,319,259,365,150,500
1,85,20,289,80,334,385,364,255,500
1,110,150,500
1,110,150,500
