1,93,37,15,24,4,58,18,25,87,9,77,2,53,82,27,95,51,10,14,227,34,35,62,23,7,49,144,97,21,13,50,11,151,57,20,22,47,56,96,28,42,41,33,90,100,46,117,54,138,44,141,146,114,101,6,81,75,165,64,38,78,88,269,36,8,98,134,76,252,235,52,89,63,109,200,167,177,5,152,43,59,149,263,99,156,121,92,184,91,69,415,32,65,103,129,190,111,199,153,48,128,83,16,113,127,161,160,143,31,74,271,17,84,131,166,193,217,55,195,72,139,216,136,229,245,61,3,79,122,159,39,365,209,70,183,60,45,171,172,40,12,330,157,203,118,29,125,112,192,218,71,214,164,306,66,110,132,80,94,104,126,19,137,206,185,155,223,145,180,197,339,188,162,175,228,148,102,221,232,303,324,107,170,240,219,224,85,257,168,67,123,258,290,150,250,238,189,179,198,130,120,264,116,135,181,297,68,220,253,450,119,194,222,105,86,186,277,260,176,256,294,354,389,106,247,243,273,259,211,311,182,342,236,233,202,244,340,435,187,285,302,239,267,362,212,147,210,276,323,108,268,283,133,382,287,169,254,255,351,241,310,317,251,299,173,308,451,261,288,331,281,313,174,158,291,329,73,201,204,207,312,363,409,124,265,196,163,237,213,154,278,373,296,226,208,275,262,484,423,293,140,392,327,282,215,230,379,304,370,322,399,274,350,289,558,344,414,438,360,231,402,434,142,318,225,272,316,280,279,390,356,472,301,270,439,292,361,375,205,30,334,443,305,321,286,431,242,364,383,406,488,466,341,437,381,326,248,400,469,424,355,26,309,430,348,295,396,387,178,403,447,298,284,442,234,353,454,328,410,378,497,338,413,474,359,368,349,358,335,445,343,371,563,397,455,320,436,346,332,498,394,416,266,432,501,369,412,465,372,307,337,516,449,314,374,572,319,417,602,476,333,388,464,532,352,468,517,426,471,427,440,407,398,441,366,191,404,528,395,393,419,533,512,570,377,453,642,428,405,401,551,500,460,315,300,589,345,384,249,115,408,246,513,391,357,421,386,495,411,728,504,581,473,485,521,367,380,553,452,515,422,463,420,523,458,568,519,569,503,490,511,771,418,548,336,506,526,554,676,518,467,537,588,429,561,376,493,545,657,478,459,486,505,433,606,525,693,617,446,530,457,489,557,546,456,531,579,672,508,491,541,544,470,770,571,462,750,347,668,385,524,667,555,593,754,479,425,607,522,535,481,444,683,594,633,502,536,475,619,575,598,507,482,674,580,477,591,801,577,496,549,713,596,567,550,624,651,559,480,612,645,547,566,562,542,629,686,487,666,510,710,641,738,483,574,539,564,620,692,529,656,635,527,578,614,852,534,587,631,613,552,605,650,543,520,576,583,701,538,689,800,325,540,658,623,644,716,586,678,626,461,704,774,646,492,659,628,609,627,640,625,717,677,560,590,639,661,649,675,514,681,494,706,637,573,843,608,592,670,764,634,648,690,610,636,752,615,499,794,703,870,682,697,671,761,448,622,732,601,795,819,680,584,707,643,679,600,696,603,705,599,856,638,745,604,879,585,660,632,655,719,621,834,737,647,698,734,812,773,702,777,807,665,611,673,726,861,653,729,740,845,630,821,654,595,949,755,708,616,509,769,793,688,597,853,747,582,762,709,810,687,976,695,822,742,767,725,756,886,782,780,741,788,806,663,556,748,757,700,618,895,923,787,664,779,789,792,936,718,897,669,785,830,736,712,759,799,730,816,865,743,811,778,735,833,848,722,926,760,802,818,844,714,766,896,804,652,929,814,999,839,827,824,746,908,869,684,805,720,877,942,694,749,776,731,751,857,733,887,899,874,723,960,727,796,950,855,888,803,871,699,753,939,867,691,892,849,826,873,878,938,791,876,565,724,831,868,850,815,744,775,996,900,786,662,790,972,820,739,898,838,893,772,902,784,889,935,842,841,836,911,813,715,872,964,847,817,941,907,862,927,758,921,963,866,711,828,953,967,881,944,969,885,905,851,987,946,934,917,809,993,955,797,685,989,915,854,909,928,918,916,983,986,901,858,768,910,952,883,959,783,912,965,954,890,913,798,973,906,930,904,781,835,864,981,914,933,763,875,882,958,948,891,922,860,903,940,894,978,840,990,988,985,982,980,919,957,971,880,998,829,970,837,825
1,721,101,6,81,75,823,765,32,65,808,45,846,961,943,102,925,60,4,58,18,25,863,2,979,30,974,17,84,977,110,132,859,995,975,947,21,968,119,28,991,11,151,57,20,924,3,79,47,56,96,77,39,95,27,103,36,994,40,12,832,26,14,227,15,24,920,34,35,992,825,106,10,956,49,945,61,109,88,269,72,74,82,966,191,67,123,931,122,31,22,997,33,90,100,46,117,54,138,44,141,144,51,23,7,932,19,99,156,121,92,63,937,118,29,125,112,52,951,309,38,78,137,55,884,76,252,1000
1,93,37,172,223,53,82,43,42,7,10,2,251,71,59,149,35,62,52,9,102,984,105,13,50,49,177,5,152,25,87,12,252,1000
1,184,91,962,150,195,20,22,86,186,1000
1,263,104,45,171,257,153,48,128,83,16,113,127,161,160,143,108,84,131,166,193,167,199,111,219,65,175,192,218,244,8,98,134,230,55,279,154,250,232,303,324,107,66,228,80,94,24,132,238,123,129,75,41,254,198,130,120,185,155,36,204,169,265,114,196,91,69,415,225,259,157,203,289,209,70,136,229,245,176,256,116,135,181,180,197,339,126,164,139,216,235,194,222,342,236,233,148,1000
1,311,182,375,173,102,221,389,179,312,85,145,249,115,1000
1,348,295,302,239,187,224,231,64,115,1000
1,377,148,1000
1,450,200,212,147,146,159,300,162,21,343,290,170,240,266,267,362,255,351,217,165,142,247,243,273,97,330,286,431,1000
1,465,288,331,186,1000
1,482,422,397,190,282,215,213,420,189,208,214,274,350,158,291,183,1000
1,498,261,220,253,530,433,313,168,276,323,63,442,207,1000
1,580,355,340,435,28,211,380,246,272,260,148,1000
1,589,89,304,285,294,258,358,68,408,431,1000
1,619,280,287,322,399,188,361,385,148,1000
1,653,305,281,452,73,201,314,293,140,392,186,1000
1,693,447,262,484,183,1000
1,767,299,298,284,207,1000
1,883,210,345,352,275,493,186,1000
1,898,133,183,1000
1,907,432,271,427,359,368,349,398,308,252,1000
1,908,436,346,178,186,1000
1,972,206,205,30,334,443,278,306,535,335,327,356,186,1000
1,93,248,400,124,292,488,402,434,315,183,1000
1,93,394,277,453,642,202,320,455,367,360,283,341,437,321,326,414,438,297,373,296,226,252,1000
1,93,440,369,396,387,386,391,357,316,328,410,378,354,497,1000
1,93,480,426,241,310,317,1000
1,93,514,183,1000
1,93,627,318,621,338,365,500,381,412,364,383,264,591,406,596,411,242,566,347,485,307,337,516,449,404,403,483,506,526,186,1000
1,93,708,317,1000
1,93,734,174,492,379,382,502,207,1000
1,93,760,332,353,454,333,183,1000
1,93,949,459,478,550,577,384,441,366,390,186,1000
1,93,37,419,363,409,317,1000
1,184,517,473,186,1000
1,184,545,163,237,319,417,602,476,445,458,501,647,148,1000
1,184,585,376,532,371,563,471,444,544,470,395,393,407,418,548,336,186,1000
1,184,637,490,511,405,401,551,536,431,1000
1,184,672,370,344,207,1000
1,184,692,439,890,446,611,413,474,374,572,541,597,609,547,268,587,428,234,372,889,431,1000
1,184,697,628,431,1000
1,184,713,521,557,525,759,615,1000
1,184,822,497,1000
1,184,34,472,301,270,423,495,510,456,531,1000
1,263,252,1000
1,263,252,1000
