100 344
33 34
0 17
0 18
0 38
0 39
0 75
0 83
1 54
1 58
1 70
1 89
1 90
1 99
2 4
2 29
3 10
3 13
3 50
3 64
3 88
3 95
4 11
4 29
4 61
5 15
5 23
5 37
5 69
5 74
5 93
5 96
6 7
6 25
6 26
6 35
6 52
6 61
6 62
6 65
6 72
6 98
7 26
7 47
7 52
7 61
7 62
7 68
7 72
7 77
7 98
8 30
8 33
8 43
8 47
8 51
9 24
9 36
9 53
9 67
9 78
9 86
10 49
10 50
10 88
10 95
11 16
11 81
12 30
12 33
12 43
12 47
12 51
13 32
13 49
13 50
13 64
13 88
13 95
13 97
14 84
14 92
15 37
15 60
15 69
15 81
15 87
16 29
17 18
17 22
17 38
17 39
17 40
17 48
17 57
17 83
18 22
18 40
18 48
18 63
18 75
18 83
19 20
19 21
19 41
19 46
19 76
19 79
19 82
19 91
19 94
20 21
20 46
20 76
20 79
20 82
20 94
21 91
21 94
22 38
22 39
22 40
22 48
22 56
22 57
22 63
22 83
23 37
23 45
23 69
23 74
23 87
23 93
24 28
24 31
24 53
24 55
24 73
24 76
24 78
25 26
25 35
25 52
25 61
25 62
25 65
25 68
25 77
25 98
26 52
26 61
26 62
26 65
26 68
26 72
26 98
27 34
27 59
27 66
27 80
27 92
28 31
28 53
28 73
30 42
30 43
30 51
30 90
31 36
31 67
31 73
31 78
31 86
32 49
32 50
32 64
32 80
32 88
32 95
32 97
33 42
33 43
33 47
33 51
34 59
34 66
34 80
34 85
34 92
35 65
35 68
35 72
35 77
36 55
36 67
36 78
36 86
37 45
37 60
37 74
37 81
37 87
37 93
37 96
38 39
38 40
38 48
38 56
38 57
38 75
38 83
39 40
39 56
39 57
39 63
40 48
40 56
40 57
40 63
40 75
40 83
41 76
41 91
41 94
42 51
43 47
44 71
44 89
44 90
44 99
45 69
45 74
45 81
45 87
46 79
46 82
46 91
46 94
47 51
48 56
48 57
48 63
48 75
48 83
49 50
49 64
49 88
49 95
50 64
50 88
50 95
50 97
52 62
52 68
52 72
52 98
53 55
53 73
54 58
54 71
54 89
54 99
55 67
55 73
55 86
56 63
56 75
56 83
57 63
57 75
57 81
58 71
58 89
58 90
58 99
59 80
59 84
59 85
60 69
60 74
60 81
60 93
61 65
61 68
61 72
61 77
62 68
62 72
62 98
63 75
63 83
64 88
64 95
64 97
65 72
65 77
65 98
66 80
66 84
66 85
66 92
67 73
67 75
67 78
67 86
68 98
69 81
69 96
70 71
71 85
71 89
71 90
71 99
72 77
72 98
73 86
74 81
74 87
74 93
74 96
75 83
76 79
76 82
76 91
77 98
78 86
79 91
79 94
80 84
80 85
80 92
81 87
81 93
81 96
82 91
84 85
85 92
87 93
87 96
88 97
89 90
89 99
90 99
91 94
93 96
95 97
