14 604
19 4477
40 3069
73 802
77 4533
182 576
210 331
222 2188
259 849
284 3524
300 1505
353 1903
372 1641
386 3860
400 811
430 2829
453 2203
465 4321
509 4169
540 1630
588 1899
590 3052
664 4105
668 2314
679 2710
682 1764
749 2824
751 4320
760 3985
782 942
809 3373
850 2629
865 1908
871 4676
897 2283
960 2829
989 4726
1058 1933
1068 4035
1094 1903
1110 2690
1202 2760
1262 1266
1263 3987
1275 2316
1312 2355
1316 1822
1349 1600
1357 2069
1357 3058
1388 3450
1454 3180
1498 4412
1506 2200
1533 1971
1540 4765
1555 4799
1573 3824
1588 2068
1719 1798
1728 4870
1729 3099
1729 4346
1753 2518
1754 2603
1823 1870
1957 4912
1978 3095
1982 2052
2044 2906
2060 2596
2067 4893
2169 4870
2174 2686
2309 4249
2386 4327
2426 3371
2534 3324
2564 3284
2671 4844
2750 3415
2802 3978
2838 3625
2877 4872
2887 4242
2971 4685
2997 4877
3014 3142
3153 3665
3168 3553
3313 4591
3332 4531
3520 4343
3556 4663
3701 3961
4148 4259
4202 4931
4300 4662
4720 4801
