100 3466 4
74 16
0 2 1080
0 3 207
0 4 189
0 6 717
0 8 935
0 10 710
0 11 172
0 13 822
0 14 559
0 17 549
0 18 902
0 19 344
0 20 483
0 21 1062
0 22 503
0 23 602
0 26 646
0 27 283
0 28 881
0 29 652
0 30 892
0 31 675
0 35 1006
0 36 437
0 37 732
0 38 800
0 40 625
0 43 776
0 44 918
0 45 567
0 46 858
0 47 941
0 49 799
0 50 612
0 51 645
0 52 1097
0 53 665
0 55 902
0 56 850
0 59 505
0 64 612
0 66 507
0 67 101
0 68 764
0 69 992
0 71 720
0 72 761
0 74 753
0 75 788
0 76 406
0 78 991
0 80 275
0 81 862
0 82 865
0 85 316
0 86 254
0 87 437
0 88 852
0 89 249
0 90 607
0 92 739
0 94 440
0 95 134
0 96 728
0 98 591
0 99 390
1 6 233
1 7 811
1 10 479
1 11 549
1 13 622
1 14 877
1 16 929
1 17 296
1 19 352
1 21 779
1 22 1072
1 23 110
1 24 324
1 28 728
1 29 941
1 30 699
1 33 184
1 34 972
1 35 784
1 36 377
1 37 608
1 38 358
1 39 669
1 41 677
1 42 687
1 44 265
1 45 318
1 46 494
1 47 913
1 50 945
1 51 805
1 52 726
1 54 525
1 57 870
1 58 971
1 59 456
1 60 710
1 61 748
1 62 121
1 63 834
1 64 199
1 66 579
1 67 285
1 70 317
1 71 476
1 72 781
1 73 629
1 77 251
1 78 782
1 80 476
1 81 979
1 82 445
1 84 222
1 85 210
1 86 1050
1 88 702
1 90 585
1 91 951
1 93 829
1 94 148
1 95 181
1 96 1072
1 97 442
1 98 214
2 3 167
2 4 939
2 6 733
2 7 235
2 8 253
2 9 126
2 10 234
2 11 178
2 12 895
2 13 433
2 14 489
2 16 1085
2 17 1099
2 18 470
2 20 190
2 21 459
2 23 707
2 24 294
2 25 447
2 27 821
2 29 1076
2 31 395
2 32 407
2 33 254
2 34 294
2 35 545
2 36 690
2 38 247
2 40 717
2 43 426
2 45 703
2 46 307
2 48 344
2 49 150
2 51 902
2 53 799
2 54 542
2 56 427
2 57 820
2 58 1054
2 59 942
2 62 587
2 63 481
2 64 455
2 66 766
2 69 857
2 71 123
2 72 280
2 74 1022
2 75 807
2 76 504
2 77 490
2 78 844
2 79 866
2 80 475
2 81 920
2 83 1018
2 84 744
2 85 473
2 86 971
2 87 565
2 88 294
2 89 765
2 90 937
2 91 239
2 93 488
2 94 575
2 95 955
2 96 590
2 97 1040
2 98 545
2 99 726
3 5 109
3 6 408
3 7 455
3 8 433
3 10 860
3 11 832
3 12 512
3 13 448
3 16 277
3 17 616
3 18 1005
3 19 749
3 20 235
3 21 982
3 22 772
3 23 250
3 26 395
3 27 848
3 28 1075
3 29 948
3 30 342
3 31 1044
3 33 243
3 34 1062
3 35 926
3 37 665
3 38 351
3 39 760
3 42 472
3 43 339
3 45 914
3 49 188
3 50 383
3 51 614
3 52 190
3 53 450
3 54 813
3 55 1096
3 56 131
3 57 328
3 58 574
3 60 738
3 62 209
3 64 450
3 66 504
3 67 655
3 68 767
3 69 751
3 70 377
3 72 273
3 75 630
3 76 633
3 78 469
3 79 700
3 80 884
3 81 915
3 82 782
3 83 956
3 84 600
3 86 304
3 87 476
3 88 1058
3 89 633
3 90 820
3 92 603
3 93 404
3 94 174
3 95 163
3 96 527
3 97 242
3 98 743
4 7 656
4 8 477
4 9 311
4 10 152
4 11 845
4 12 344
4 15 264
4 16 737
4 17 730
4 20 1026
4 23 532
4 24 702
4 25 410
4 26 800
4 27 645
4 28 609
4 29 451
4 30 865
4 31 742
4 32 518
4 33 442
4 34 246
4 36 601
4 37 380
4 40 135
4 41 470
4 42 847
4 43 758
4 44 945
4 45 344
4 46 946
4 47 554
4 48 1044
4 49 797
4 51 622
4 52 130
4 53 310
4 54 845
4 55 489
4 59 829
4 60 358
4 61 302
4 62 1082
4 64 421
4 65 452
4 67 612
4 68 908
4 69 154
4 70 955
4 71 484
4 72 330
4 73 144
4 74 464
4 75 610
4 76 350
4 77 264
4 79 704
4 82 1088
4 85 719
4 86 744
4 88 1045
4 89 561
4 91 403
4 92 353
4 96 457
5 7 1076
5 8 275
5 9 396
5 10 502
5 11 356
5 12 613
5 13 1044
5 14 594
5 15 887
5 16 420
5 17 568
5 20 339
5 21 665
5 22 855
5 23 659
5 24 221
5 25 468
5 26 489
5 27 1030
5 28 346
5 29 154
5 31 831
5 32 274
5 34 184
5 35 685
5 36 679
5 37 259
5 38 125
5 39 352
5 40 500
5 42 860
5 43 137
5 44 424
5 45 593
5 46 103
5 48 612
5 50 728
5 51 511
5 52 659
5 53 584
5 54 373
5 55 393
5 56 139
5 57 668
5 59 462
5 60 645
5 61 1067
5 62 913
5 65 1047
5 66 271
5 68 631
5 69 399
5 70 1043
5 71 813
5 74 637
5 75 388
5 77 306
5 78 268
5 79 899
5 81 121
5 82 306
5 83 525
5 86 1059
5 87 736
5 88 959
5 90 811
5 91 382
5 92 586
5 93 193
5 96 226
5 97 204
5 99 1067
6 8 596
6 9 220
6 11 567
6 12 223
6 14 434
6 16 205
6 17 865
6 21 828
6 23 784
6 24 739
6 25 729
6 26 496
6 27 1031
6 28 392
6 30 645
6 31 764
6 32 768
6 35 457
6 36 351
6 37 611
6 42 1067
6 43 146
6 44 525
6 45 498
6 47 466
6 48 183
6 49 621
6 50 345
6 54 638
6 55 842
6 57 1025
6 58 256
6 60 1010
6 61 792
6 62 152
6 63 506
6 64 576
6 65 651
6 66 117
6 67 228
6 68 289
6 70 944
6 71 350
6 72 528
6 73 954
6 76 143
6 77 130
6 78 787
6 80 873
6 81 829
6 82 1054
6 84 717
6 85 1069
6 86 888
6 87 724
6 88 326
6 90 791
6 91 541
6 92 902
6 94 132
6 95 165
6 96 324
6 97 304
6 98 779
6 99 272
7 8 954
7 11 258
7 12 646
7 15 936
7 17 835
7 19 895
7 20 1009
7 21 188
7 22 541
7 23 339
7 24 458
7 25 626
7 26 287
7 29 160
7 30 210
7 31 641
7 32 567
7 33 540
7 39 667
7 42 207
7 43 609
7 44 124
7 45 1095
7 46 935
7 47 630
7 48 110
7 49 102
7 50 719
7 52 448
7 53 1030
7 54 1090
7 56 944
7 57 300
7 58 504
7 59 153
7 60 654
7 62 283
7 63 157
7 65 737
7 66 106
7 67 173
7 68 577
7 69 1023
7 70 810
7 71 504
7 72 108
7 75 529
7 78 452
7 79 571
7 80 243
7 81 827
7 83 885
7 85 1035
7 86 997
7 87 122
7 88 370
7 89 112
7 90 1099
7 91 482
7 92 252
7 93 1074
7 95 274
7 96 135
7 98 508
7 99 371
8 9 975
8 10 579
8 11 129
8 12 705
8 13 797
8 14 1080
8 15 123
8 16 261
8 17 542
8 18 659
8 20 192
8 21 549
8 22 1021
8 23 649
8 24 476
8 25 858
8 26 908
8 27 560
8 28 622
8 29 625
8 30 497
8 31 460
8 32 778
8 33 251
8 34 122
8 36 896
8 37 689
8 38 223
8 40 736
8 42 539
8 43 744
8 45 312
8 46 1053
8 47 644
8 48 487
8 49 279
8 52 669
8 53 950
8 54 647
8 55 862
8 56 1071
8 59 540
8 60 1023
8 62 824
8 65 396
8 66 975
8 67 417
8 68 877
8 69 806
8 70 231
8 71 658
8 72 451
8 73 637
8 74 1029
8 75 446
8 77 334
8 81 412
8 83 402
8 85 146
8 86 414
8 87 140
8 90 227
8 91 435
8 92 322
8 94 734
8 95 528
8 96 503
8 97 845
8 99 950
9 10 725
9 11 200
9 13 864
9 14 1005
9 15 214
9 16 846
9 18 283
9 19 772
9 20 861
9 22 210
9 24 634
9 25 351
9 27 687
9 29 496
9 31 562
9 35 582
9 36 291
9 39 892
9 40 655
9 41 148
9 42 1001
9 43 608
9 45 768
9 48 672
9 52 313
9 53 151
9 56 1046
9 57 865
9 58 347
9 60 1026
9 61 673
9 62 414
9 64 290
9 65 164
9 66 613
9 68 757
9 70 363
9 71 128
9 72 856
9 74 490
9 75 957
9 76 108
9 78 533
9 79 213
9 80 588
9 81 480
9 84 437
9 85 410
9 87 525
9 88 589
9 90 608
9 91 383
9 92 662
9 93 351
9 94 296
9 95 554
9 96 497
9 97 973
9 98 980
9 99 498
10 11 212
10 13 429
10 14 152
10 16 398
10 17 484
10 21 778
10 22 729
10 24 719
10 25 309
10 26 697
10 27 841
10 28 826
10 29 471
10 30 360
10 31 255
10 32 967
10 34 271
10 35 825
10 36 401
10 39 807
10 41 1043
10 43 630
10 44 225
10 47 430
10 48 914
10 49 218
10 51 805
10 53 840
10 55 772
10 56 112
10 57 529
10 59 597
10 60 917
10 62 971
10 63 207
10 64 668
10 66 531
10 67 595
10 69 251
10 71 522
10 72 1052
10 73 729
10 76 1010
10 77 223
10 78 382
10 80 848
10 81 268
10 84 993
10 85 111
10 86 957
10 87 419
10 90 791
10 92 884
10 93 890
10 94 801
10 97 677
10 99 461
11 13 717
11 15 789
11 17 158
11 20 678
11 21 451
11 24 374
11 25 125
11 27 876
11 28 182
11 30 568
11 31 170
11 32 891
11 33 365
11 34 741
11 36 614
11 37 789
11 38 501
11 39 211
11 42 274
11 43 139
11 44 1028
11 45 368
11 46 812
11 47 578
11 48 775
11 50 399
11 53 156
11 55 675
11 56 875
11 57 687
11 59 421
11 60 265
11 61 977
11 64 798
11 66 881
11 67 732
11 68 1098
11 70 815
11 72 309
11 74 871
11 76 571
11 77 1003
11 79 870
11 80 630
11 81 410
11 82 571
11 83 457
11 86 639
11 87 170
11 88 198
11 90 1006
11 92 642
11 93 494
11 94 360
11 95 137
11 96 986
11 98 1035
12 14 1036
12 16 271
12 17 207
12 18 763
12 20 427
12 21 570
12 22 936
12 24 546
12 26 746
12 27 151
12 28 466
12 29 423
12 31 943
12 32 1077
12 33 603
12 34 424
12 35 556
12 36 122
12 38 1069
12 39 457
12 42 985
12 45 420
12 46 880
12 47 784
12 48 553
12 50 664
12 52 600
12 53 874
12 54 333
12 55 460
12 57 859
12 58 117
12 59 607
12 60 277
12 62 1035
12 63 482
12 64 114
12 67 585
12 68 822
12 69 475
12 72 652
12 73 224
12 74 621
12 75 583
12 76 854
12 78 775
12 79 782
12 80 1005
12 81 567
12 83 1069
12 84 336
12 85 174
12 87 1057
12 90 399
12 91 327
12 92 394
12 93 597
12 94 260
12 95 453
12 96 421
12 97 1027
12 99 875
13 15 841
13 16 696
13 17 338
13 18 914
13 19 153
13 20 183
13 21 161
13 22 1060
13 26 513
13 27 915
13 28 146
13 30 601
13 31 277
13 32 1073
13 33 615
13 35 1080
13 36 141
13 37 1087
13 38 374
13 40 191
13 41 770
13 43 177
13 46 989
13 48 435
13 50 111
13 51 506
13 52 257
13 53 1085
13 54 1088
13 55 616
13 56 1068
13 57 961
13 58 306
13 59 752
13 61 319
13 62 464
13 64 385
13 65 801
13 66 487
13 67 823
13 68 929
13 72 572
13 73 220
13 74 367
13 77 555
13 79 816
13 80 679
13 82 470
13 83 581
13 84 618
13 86 752
13 87 453
13 88 476
13 90 992
13 91 1066
13 93 456
13 95 334
13 97 346
13 98 554
13 99 1051
14 15 1029
14 16 1040
14 17 478
14 18 926
14 21 263
14 22 991
14 23 1037
14 26 641
14 27 619
14 28 442
14 30 958
14 31 181
14 32 713
14 33 122
14 36 622
14 37 812
14 39 471
14 40 483
14 41 950
14 43 751
14 44 468
14 46 629
14 49 451
14 50 364
14 51 509
14 52 774
14 53 345
14 54 584
14 55 704
14 56 215
14 59 1071
14 60 664
14 61 653
14 64 992
14 68 908
14 71 885
14 72 571
14 73 254
14 75 1026
14 77 1044
14 79 534
14 80 655
14 81 1089
14 83 638
14 86 154
14 87 346
14 88 121
14 89 230
14 90 824
14 91 399
14 92 566
14 93 217
14 94 215
14 95 318
14 96 761
14 97 320
14 98 693
15 16 870
15 17 823
15 19 220
15 20 1094
15 22 678
15 23 634
15 26 838
15 27 594
15 28 1005
15 30 779
15 31 785
15 32 1053
15 34 1073
15 35 292
15 39 582
15 41 958
15 42 462
15 44 153
15 45 641
15 46 968
15 47 766
15 48 197
15 49 784
15 51 713
15 52 316
15 53 833
15 54 205
15 56 170
15 58 1069
15 63 698
15 64 934
15 66 306
15 67 609
15 68 108
15 70 222
15 71 993
15 72 911
15 73 682
15 74 110
15 75 284
15 76 606
15 78 477
15 79 445
15 80 830
15 81 718
15 82 497
15 83 1095
15 84 808
15 86 103
15 87 852
15 88 1056
15 89 1011
15 91 1017
15 96 944
15 97 944
15 98 496
15 99 839
16 17 1094
16 18 418
16 22 595
16 24 326
16 26 760
16 27 1020
16 29 426
16 31 443
16 32 529
16 34 103
16 35 571
16 38 478
16 39 1084
16 40 950
16 41 1095
16 43 281
16 46 885
16 47 836
16 48 444
16 49 860
16 50 222
16 51 826
16 52 577
16 53 385
16 54 877
16 55 400
16 57 980
16 58 1098
16 60 444
16 61 211
16 62 927
16 63 910
16 64 759
16 65 758
16 67 166
16 71 335
16 72 160
16 74 727
16 75 471
16 76 1033
16 77 702
16 78 604
16 81 786
16 82 435
16 83 216
16 84 323
16 85 642
16 87 672
16 88 1038
16 90 463
16 92 807
16 93 160
16 96 470
16 97 897
16 98 499
16 99 434
17 18 829
17 19 1089
17 21 847
17 22 871
17 23 316
17 24 148
17 25 811
17 26 264
17 27 864
17 29 484
17 30 294
17 31 936
17 32 127
17 35 725
17 36 276
17 37 454
17 38 396
17 39 566
17 41 390
17 42 620
17 43 868
17 44 934
17 45 1055
17 46 474
17 47 863
17 48 1081
17 49 531
17 50 360
17 51 862
17 53 732
17 57 634
17 60 745
17 61 235
17 63 236
17 64 939
17 65 460
17 68 813
17 69 376
17 70 179
17 71 665
17 73 938
17 74 1013
17 75 852
17 76 182
17 79 925
17 80 748
17 81 669
17 82 763
17 83 802
17 85 221
17 87 304
17 88 654
17 95 803
17 96 643
17 98 932
17 99 862
18 19 910
18 20 919
18 21 287
18 23 769
18 24 289
18 25 235
18 26 680
18 28 590
18 29 308
18 30 788
18 31 983
18 32 269
18 33 768
18 34 727
18 36 1058
18 37 153
18 38 193
18 39 972
18 40 935
18 42 645
18 43 748
18 46 302
18 47 719
18 48 262
18 49 999
18 50 1006
18 51 998
18 52 399
18 54 245
18 55 766
18 56 736
18 57 377
18 59 335
18 61 455
18 63 451
18 64 428
18 67 466
18 70 236
18 72 814
18 75 228
18 77 692
18 80 102
18 81 731
18 83 979
18 84 1067
18 85 955
18 86 336
18 88 444
18 89 508
18 91 780
18 92 648
18 94 684
18 95 244
18 96 174
18 99 561
19 20 1054
19 21 869
19 22 579
19 23 179
19 24 272
19 25 413
19 26 674
19 27 699
19 29 1035
19 31 1074
19 32 1039
19 36 1044
19 37 756
19 39 174
19 40 911
19 41 476
19 42 733
19 44 269
19 46 566
19 48 225
19 49 451
19 51 197
19 52 456
19 54 634
19 55 442
19 56 425
19 57 766
19 58 111
19 59 423
19 60 885
19 61 1010
19 63 447
19 64 723
19 65 341
19 66 916
19 67 624
19 69 924
19 70 256
19 71 304
19 73 770
19 74 123
19 75 166
19 76 285
19 77 275
19 79 665
19 80 138
19 81 584
19 83 1075
19 84 466
19 85 803
19 86 359
19 87 763
19 88 464
19 89 563
19 90 500
19 93 154
19 94 1069
19 95 482
19 96 451
19 97 308
19 98 401
19 99 669
20 21 227
20 24 619
20 25 986
20 26 299
20 27 643
20 28 359
20 29 576
20 32 381
20 33 611
20 35 629
20 36 1069
20 37 524
20 38 321
20 39 932
20 40 497
20 41 340
20 47 985
20 48 1054
20 51 594
20 52 267
20 53 451
20 55 106
20 57 1038
20 58 400
20 59 516
20 60 289
20 62 708
20 64 927
20 65 620
20 70 1084
20 71 121
20 72 883
20 73 575
20 74 884
20 75 1016
20 76 572
20 77 207
20 78 167
20 82 873
20 84 649
20 85 600
20 86 381
20 87 718
20 88 198
20 91 123
20 92 840
20 93 476
20 95 918
20 96 936
20 99 480
21 22 562
21 23 1082
21 24 468
21 25 451
21 26 1016
21 27 306
21 28 607
21 29 619
21 30 965
21 32 1008
21 33 876
21 35 678
21 37 595
21 38 143
21 40 285
21 42 493
21 43 476
21 45 882
21 46 584
21 47 996
21 48 892
21 50 1074
21 51 746
21 52 974
21 53 1022
21 54 267
21 55 169
21 56 809
21 59 217
21 60 326
21 61 125
21 63 978
21 64 239
21 66 196
21 67 393
21 70 999
21 72 128
21 74 702
21 76 916
21 80 561
21 81 340
21 82 960
21 83 341
21 84 813
21 85 436
21 89 1009
21 90 387
21 92 600
21 93 367
21 94 448
21 97 258
21 98 1092
21 99 165
22 23 620
22 24 1022
22 25 709
22 27 158
22 28 216
22 29 382
22 31 440
22 32 228
22 33 175
22 34 216
22 37 324
22 38 946
22 41 268
22 44 446
22 45 1050
22 46 548
22 47 668
22 49 788
22 50 567
22 51 375
22 54 598
22 55 222
22 56 757
22 57 545
22 59 122
22 60 417
22 61 411
22 62 239
22 65 655
22 66 393
22 68 1023
22 69 755
22 70 809
22 71 1055
22 72 230
22 74 123
22 76 474
22 78 276
22 79 232
22 80 338
22 81 719
22 83 882
22 84 186
22 89 798
22 90 606
22 91 459
22 94 1012
22 96 557
22 97 730
22 98 577
23 24 325
23 26 772
23 28 350
23 29 304
23 30 571
23 33 903
23 34 641
23 35 249
23 37 385
23 38 634
23 39 201
23 40 840
23 42 281
23 44 477
23 45 655
23 46 242
23 48 465
23 49 934
23 54 287
23 55 225
23 56 852
23 58 777
23 59 395
23 60 403
23 61 535
23 62 205
23 63 755
23 64 1042
23 66 559
23 67 364
23 68 418
23 72 364
23 74 1032
23 75 217
23 76 720
23 80 384
23 81 618
23 82 670
23 83 976
23 84 189
23 85 275
23 86 285
23 87 172
23 88 299
23 89 557
23 90 375
23 91 246
23 92 243
23 94 130
23 95 443
23 97 395
23 98 1011
23 99 500
24 25 991
24 26 669
24 27 872
24 28 588
24 29 894
24 30 152
24 31 755
24 32 211
24 34 852
24 35 715
24 38 529
24 39 802
24 40 131
24 42 629
24 43 227
24 44 1048
24 45 580
24 47 896
24 48 105
24 50 133
24 51 856
24 52 364
24 57 627
24 59 892
24 60 388
24 62 896
24 64 513
24 65 511
24 67 710
24 68 128
24 70 802
24 72 443
24 73 1021
24 74 723
24 75 927
24 77 1012
24 78 703
24 79 957
24 80 783
24 81 1043
24 82 1027
24 85 586
24 86 949
24 87 571
24 89 725
24 91 622
24 92 857
24 93 327
24 96 423
24 97 388
24 98 808
25 26 678
25 27 834
25 28 700
25 31 797
25 32 889
25 35 730
25 37 968
25 39 526
25 41 689
25 43 184
25 44 913
25 46 447
25 47 1048
25 49 632
25 52 114
25 55 473
25 56 774
25 57 589
25 58 124
25 61 135
25 62 1068
25 63 598
25 64 566
25 65 384
25 66 299
25 67 1086
25 68 722
25 70 704
25 71 621
25 74 731
25 76 618
25 77 342
25 79 850
25 80 795
25 81 894
25 82 918
25 83 1047
25 84 509
25 85 377
25 88 532
25 90 171
25 92 202
25 93 834
25 96 625
25 97 588
25 99 1046
26 27 877
26 29 610
26 30 122
26 31 377
26 32 932
26 33 600
26 34 698
26 35 573
26 36 1050
26 37 238
26 39 136
26 40 156
26 41 390
26 42 235
26 43 550
26 44 1025
26 45 692
26 46 577
26 47 362
26 49 572
26 50 584
26 52 723
26 53 701
26 55 507
26 56 534
26 58 860
26 59 130
26 60 958
26 61 408
26 62 773
26 64 784
26 66 328
26 67 199
26 68 351
26 71 508
26 73 483
26 75 1092
26 78 672
26 79 360
26 80 595
26 81 568
26 83 673
26 84 791
26 85 514
26 86 104
26 87 239
26 89 110
26 90 194
26 91 275
26 96 174
26 97 103
26 98 1063
26 99 437
27 28 946
27 30 237
27 31 595
27 34 254
27 36 124
27 37 815
27 38 231
27 39 399
27 40 1084
27 41 243
27 42 768
27 43 448
27 47 955
27 49 379
27 51 431
27 52 275
27 53 129
27 54 537
27 55 149
27 56 710
27 57 925
27 59 249
27 60 761
27 61 908
27 62 960
27 65 383
27 67 473
27 69 530
27 70 985
27 71 235
27 72 641
27 74 682
27 75 405
27 76 580
27 77 105
27 81 217
27 83 705
27 84 185
27 85 897
27 86 275
27 87 845
27 88 803
27 90 138
27 91 801
27 92 792
27 93 574
27 94 441
27 95 797
27 96 681
27 97 654
27 99 320
28 29 998
28 31 741
28 32 889
28 34 875
28 37 701
28 39 263
28 40 324
28 43 475
28 45 400
28 46 112
28 52 863
28 53 947
28 54 482
28 55 833
28 58 387
28 60 955
28 62 302
28 64 442
28 65 880
28 66 682
28 67 798
28 68 739
28 69 1096
28 70 236
28 72 129
28 74 693
28 75 320
28 77 195
28 78 1037
28 79 672
28 80 758
28 81 891
28 83 381
28 84 352
28 87 910
28 88 713
28 90 250
28 91 871
28 92 327
28 93 1092
28 95 377
28 97 696
28 99 206
29 31 684
29 33 435
29 34 134
29 35 185
29 36 453
29 37 703
29 39 964
29 40 163
29 44 949
29 45 823
29 46 793
29 47 781
29 48 784
29 49 914
29 50 883
29 51 659
29 52 832
29 53 477
29 56 272
29 57 617
29 61 1028
29 63 670
29 64 974
29 65 530
29 66 422
29 68 355
29 69 731
29 71 491
29 72 121
29 74 311
29 76 534
29 78 936
29 80 607
29 81 196
29 82 214
29 83 900
29 84 974
29 88 1030
29 90 464
29 92 499
29 93 801
29 94 607
29 95 129
29 97 418
29 99 1059
30 31 853
30 32 939
30 33 707
30 34 514
30 35 399
30 36 446
30 38 700
30 40 1015
30 41 559
30 42 895
30 43 858
30 46 513
30 47 985
30 48 393
30 49 663
30 50 211
30 51 184
30 52 1032
30 53 1008
30 54 165
30 55 887
30 56 162
30 57 132
30 58 149
30 63 431
30 64 871
30 65 686
30 66 150
30 67 276
30 69 1055
30 72 510
30 73 780
30 74 1019
30 75 700
30 76 419
30 77 695
30 79 315
30 80 1020
30 81 287
30 82 207
30 83 603
30 84 805
30 85 716
30 86 413
30 87 761
30 88 546
30 90 1024
30 91 813
30 92 395
30 93 268
30 94 952
30 95 689
30 96 696
30 97 319
30 99 1052
31 32 630
31 33 902
31 34 135
31 35 960
31 37 826
31 39 467
31 40 239
31 41 660
31 42 124
31 46 138
31 47 620
31 48 825
31 49 1068
31 50 613
31 51 975
31 54 591
31 57 799
31 58 314
31 60 496
31 62 261
31 64 593
31 65 470
31 66 890
31 68 336
31 70 964
31 71 678
31 72 494
31 75 433
31 76 1082
31 78 174
31 79 200
31 80 1017
31 81 642
31 83 1067
31 84 447
31 86 870
31 88 932
31 91 229
31 93 330
31 95 943
31 96 878
31 97 1005
31 99 261
32 34 201
32 35 1090
32 37 756
32 38 683
32 42 842
32 43 258
32 44 1005
32 45 373
32 46 740
32 51 971
32 54 476
32 55 736
32 56 510
32 57 505
32 58 790
32 60 439
32 62 314
32 63 297
32 64 1075
32 65 287
32 66 358
32 67 329
32 68 453
32 71 492
32 72 555
32 73 1045
32 74 996
32 75 612
32 79 544
32 80 122
32 81 500
32 82 813
32 83 783
32 85 176
32 86 116
32 87 1004
32 90 980
32 91 115
32 92 484
32 93 820
32 95 417
32 96 963
32 97 1089
32 98 1099
33 34 228
33 35 770
33 36 1004
33 37 550
33 38 822
33 39 471
33 40 746
33 41 851
33 42 944
33 43 757
33 44 332
33 45 491
33 46 537
33 47 309
33 49 653
33 52 924
33 53 1075
33 54 459
33 56 893
33 57 309
33 58 436
33 59 865
33 60 727
33 61 901
33 62 863
33 63 1074
33 65 1093
33 66 756
33 67 688
33 68 770
33 70 493
33 71 425
33 72 226
33 73 1072
33 74 796
33 75 826
33 76 418
33 77 1087
33 78 257
33 79 1045
33 81 902
33 82 280
33 83 638
33 84 1037
33 85 832
33 87 1050
33 88 1078
33 89 932
33 90 293
33 92 673
33 93 683
33 94 487
33 95 675
33 96 1080
33 97 727
33 99 788
34 36 662
34 37 816
34 38 260
34 39 650
34 40 602
34 42 231
34 44 831
34 45 140
34 47 654
34 48 805
34 49 733
34 51 852
34 55 525
34 56 356
34 57 980
34 59 351
34 60 972
34 62 544
34 63 565
34 65 1050
34 66 781
34 69 437
34 70 793
34 71 559
34 73 1087
34 75 1073
34 76 532
34 77 1056
34 79 255
34 80 983
34 81 641
34 82 262
34 83 991
34 84 342
34 85 262
34 86 439
34 90 744
34 93 877
34 96 464
34 97 878
34 99 578
35 36 934
35 37 192
35 38 346
35 41 134
35 42 547
35 43 511
35 44 508
35 45 690
35 46 220
35 48 225
35 50 991
35 51 172
35 52 898
35 53 744
35 54 1073
35 55 1047
35 59 420
35 62 259
35 64 847
35 67 148
35 68 1059
35 69 117
35 71 918
35 72 870
35 73 340
35 74 641
35 75 713
35 76 397
35 77 421
35 78 112
35 80 398
35 81 700
35 82 367
35 83 786
35 84 546
35 85 268
35 87 701
35 89 913
35 91 1023
35 92 508
35 93 944
35 95 178
35 96 977
35 98 684
36 37 1028
36 38 903
36 39 702
36 40 991
36 41 374
36 42 741
36 43 377
36 44 469
36 45 1058
36 46 802
36 48 351
36 49 147
36 50 363
36 51 1012
36 52 873
36 53 1035
36 54 697
36 56 131
36 57 693
36 58 219
36 59 424
36 60 569
36 61 875
36 62 511
36 63 389
36 64 366
36 65 738
36 68 211
36 70 547
36 71 805
36 75 529
36 76 333
36 77 733
36 78 806
36 79 975
36 80 596
36 81 889
36 82 549
36 83 638
36 84 942
36 85 1074
36 86 1024
36 87 903
36 89 520
36 91 803
36 92 651
36 94 314
36 96 1011
36 97 260
36 99 100
37 38 335
37 39 909
37 40 640
37 41 182
37 42 570
37 43 925
37 44 868
37 45 136
37 46 253
37 47 350
37 48 812
37 49 1017
37 50 720
37 51 983
37 52 167
37 54 1069
37 55 335
37 58 522
37 59 139
37 60 550
37 62 113
37 63 232
37 65 619
37 66 530
37 67 846
37 68 361
37 69 732
37 70 385
37 72 836
37 73 263
37 74 1050
37 75 734
37 76 571
37 77 656
37 78 165
37 79 670
37 81 154
37 82 855
37 83 433
37 84 871
37 85 1072
37 86 870
37 87 784
37 88 628
37 89 568
37 90 542
37 93 280
37 94 976
37 95 602
37 96 527
37 98 754
37 99 429
38 39 939
38 41 661
38 42 917
38 44 303
38 45 288
38 46 263
38 47 571
38 48 580
38 49 640
38 51 822
38 52 328
38 54 938
38 55 811
38 56 1019
38 57 788
38 58 484
38 59 905
38 60 395
38 61 658
38 62 393
38 71 503
38 72 135
38 73 273
38 75 1088
38 76 1093
38 78 281
38 80 507
38 81 181
38 82 324
38 83 554
38 84 1084
38 85 450
38 86 801
38 87 897
38 88 876
38 89 1065
38 91 298
38 92 217
38 93 950
38 94 782
38 95 125
38 96 738
38 97 122
38 98 581
38 99 253
39 40 399
39 42 145
39 43 131
39 44 315
39 45 676
39 46 334
39 48 733
39 50 1013
39 51 904
39 52 532
39 55 994
39 56 237
39 57 672
39 61 861
39 62 726
39 65 709
39 66 1053
39 67 114
39 69 195
39 71 636
39 72 879
39 74 896
39 75 431
39 76 718
39 77 1027
39 78 824
39 79 374
39 82 569
39 83 696
39 85 678
39 86 576
39 88 710
39 89 386
39 90 107
39 91 564
39 92 533
39 94 139
39 96 127
39 97 426
39 98 434
39 99 857
40 41 357
40 42 835
40 44 153
40 45 346
40 47 389
40 48 400
40 51 767
40 52 1082
40 53 676
40 54 154
40 57 582
40 58 985
40 59 668
40 61 661
40 64 348
40 65 559
40 66 734
40 67 524
40 70 1003
40 71 414
40 73 965
40 74 568
40 75 147
40 77 830
40 81 590
40 84 660
40 85 305
40 86 225
40 88 792
40 89 173
40 90 134
40 91 268
40 93 1027
40 95 228
40 97 394
40 98 563
41 42 1059
41 44 893
41 45 285
41 47 610
41 48 415
41 49 796
41 50 760
41 54 360
41 55 769
41 56 944
41 58 444
41 59 385
41 60 403
41 63 842
41 64 323
41 65 677
41 66 737
41 67 675
41 69 453
41 70 718
41 71 224
41 72 1051
41 73 823
41 76 915
41 77 979
41 78 883
41 80 1013
41 81 359
41 84 1009
41 85 1028
41 86 1021
41 90 150
41 92 783
41 93 290
41 96 549
41 98 411
42 43 995
42 44 379
42 46 933
42 47 952
42 48 184
42 50 744
42 51 147
42 52 571
42 53 237
42 55 683
42 56 766
42 57 840
42 58 338
42 60 946
42 65 111
42 69 685
42 70 719
42 71 751
42 73 863
42 75 702
42 77 275
42 78 1014
42 79 1069
42 80 634
42 81 151
42 83 1019
42 85 178
42 87 443
42 89 558
42 90 1002
42 91 382
42 92 330
42 93 982
42 94 203
42 95 110
42 96 221
42 98 430
42 99 274
43 44 1009
43 45 420
43 48 187
43 49 868
43 50 120
43 52 1053
43 53 824
43 54 995
43 55 1038
43 57 587
43 58 504
43 60 650
43 61 714
43 62 394
43 63 708
43 64 353
43 65 423
43 66 298
43 67 1090
43 68 692
43 69 893
43 74 361
43 75 150
43 76 557
43 77 1038
43 78 691
43 79 943
43 80 292
43 82 802
43 83 492
43 84 660
43 85 220
43 86 145
43 88 148
43 90 878
43 91 484
43 92 276
43 93 543
43 96 471
43 97 183
43 98 1075
44 46 525
44 47 100
44 48 911
44 50 965
44 51 293
44 52 452
44 53 964
44 54 1079
44 57 931
44 58 102
44 61 808
44 62 601
44 63 889
44 64 560
44 65 409
44 66 248
44 68 862
44 70 849
44 71 479
44 72 432
44 73 183
44 75 837
44 76 714
44 77 1058
44 79 177
44 80 123
44 82 515
44 83 949
44 84 219
44 85 391
44 86 674
44 87 751
44 88 689
44 90 299
44 91 373
44 93 732
44 96 743
44 97 665
44 98 793
44 99 672
45 46 826
45 48 441
45 49 408
45 50 795
45 51 1016
45 52 536
45 53 938
45 55 458
45 56 934
45 57 248
45 58 796
45 59 139
45 60 821
45 61 995
45 63 326
45 65 242
45 66 908
45 67 350
45 68 355
45 71 293
45 73 596
45 74 357
45 75 924
45 77 752
45 78 1081
45 79 857
45 80 319
45 81 125
45 82 163
45 83 334
45 84 457
45 86 433
45 89 446
45 90 850
45 91 865
45 92 400
45 93 456
45 95 911
45 97 957
45 99 861
46 47 679
46 48 530
46 50 662
46 52 267
46 53 746
46 54 669
46 56 925
46 57 341
46 58 615
46 59 161
46 61 129
46 63 451
46 66 917
46 67 737
46 68 563
46 69 256
46 70 418
46 71 240
46 73 153
46 75 244
46 76 887
46 77 104
46 78 791
46 79 493
46 81 335
46 82 573
46 83 834
46 84 897
46 85 472
46 86 990
46 88 593
46 89 697
46 91 206
46 92 1066
46 93 978
46 95 809
46 96 949
46 97 1044
46 98 510
46 99 880
47 48 582
47 49 210
47 50 553
47 54 376
47 55 393
47 57 433
47 58 849
47 59 514
47 60 941
47 61 339
47 62 780
47 65 114
47 66 626
47 68 776
47 69 926
47 70 463
47 72 808
47 73 709
47 75 162
47 76 229
47 77 487
47 79 740
47 80 985
47 81 244
47 82 1037
47 83 742
47 84 673
47 85 1010
47 86 965
47 87 719
47 88 411
47 90 1054
47 91 764
47 92 221
47 94 953
47 95 199
47 96 125
47 97 931
47 99 830
48 50 1011
48 52 351
48 53 751
48 54 714
48 55 530
48 58 745
48 59 106
48 60 1046
48 61 944
48 62 686
48 63 805
48 64 921
48 65 469
48 67 490
48 68 627
48 69 994
48 72 735
48 73 834
48 74 758
48 77 814
48 78 170
48 79 716
48 80 265
48 81 1044
48 82 383
48 83 239
48 84 560
48 86 372
48 87 722
48 89 662
48 90 498
48 93 756
48 94 777
48 98 326
48 99 800
49 50 413
49 51 477
49 52 190
49 53 714
49 55 257
49 56 228
49 59 815
49 60 463
49 61 343
49 63 965
49 64 253
49 65 119
49 66 518
49 67 456
49 73 747
49 74 170
49 75 1056
49 76 969
49 77 499
49 80 397
49 81 1028
49 82 581
49 83 215
49 84 464
49 85 940
49 93 257
49 94 932
50 51 840
50 52 891
50 54 633
50 57 386
50 58 882
50 60 540
50 61 832
50 62 1093
50 63 1091
50 64 264
50 65 363
50 66 547
50 67 482
50 68 123
50 70 473
50 71 950
50 72 193
50 74 246
50 75 173
50 76 995
50 77 439
50 82 255
50 83 1068
50 84 957
50 85 1035
50 86 725
50 87 450
50 88 267
50 89 397
50 91 862
50 92 733
50 93 874
50 95 994
50 97 912
50 98 156
50 99 476
51 52 115
51 55 1041
51 56 346
51 58 462
51 59 319
51 60 1075
51 62 846
51 64 399
51 65 899
51 66 965
51 67 197
51 69 183
51 70 154
51 71 179
51 72 268
51 73 680
51 75 699
51 78 111
51 79 991
51 81 1099
51 82 227
51 83 361
51 84 282
51 85 936
51 87 642
51 88 867
51 90 564
51 91 722
51 92 965
51 93 315
51 94 167
51 95 235
51 96 771
51 97 913
51 98 807
51 99 521
52 54 167
52 55 288
52 57 241
52 60 230
52 61 808
52 62 994
52 64 295
52 66 135
52 67 832
52 68 321
52 69 1038
52 71 1035
52 72 222
52 73 1008
52 74 609
52 77 743
52 78 282
52 79 785
52 80 299
52 81 673
52 82 255
52 84 1031
52 86 350
52 88 480
52 89 759
52 91 665
52 92 196
52 94 701
52 96 636
52 97 114
52 98 824
52 99 288
53 54 834
53 55 604
53 56 727
53 57 518
53 59 443
53 60 165
53 61 945
53 64 958
53 65 746
53 67 466
53 68 971
53 71 422
53 73 237
53 74 248
53 77 525
53 78 943
53 79 696
53 81 930
53 82 810
53 83 738
53 85 481
53 86 604
53 87 408
53 88 1014
53 92 1030
53 93 1006
53 94 398
53 95 558
53 96 362
53 97 804
53 98 177
53 99 177
54 57 395
54 58 590
54 60 699
54 63 992
54 64 168
54 65 165
54 66 947
54 67 917
54 70 632
54 71 304
54 72 478
54 73 350
54 74 549
54 76 428
54 78 232
54 79 106
54 81 816
54 82 1004
54 83 740
54 85 193
54 87 909
54 88 171
54 89 840
54 90 476
54 91 614
54 92 230
54 93 709
54 94 882
54 95 940
54 96 693
54 97 601
54 99 1019
55 56 929
55 57 273
55 58 984
55 59 690
55 60 244
55 61 705
55 62 718
55 63 179
55 64 878
55 65 384
55 66 429
55 67 914
55 68 399
55 69 431
55 70 1013
55 72 820
55 75 575
55 77 997
55 78 201
55 79 247
55 80 540
55 81 244
55 82 1073
55 83 346
55 84 684
55 85 661
55 87 507
55 89 758
55 91 432
55 92 969
55 94 729
55 95 415
55 97 233
55 99 1066
56 57 434
56 58 100
56 59 967
56 61 1063
56 62 643
56 63 680
56 64 727
56 65 950
56 66 192
56 67 920
56 69 383
56 70 957
56 73 114
56 74 899
56 75 546
56 77 603
56 78 1008
56 79 185
56 80 737
56 81 293
56 85 424
56 86 721
56 88 440
56 89 1029
56 90 598
56 92 520
56 93 149
56 94 1049
56 95 746
56 97 436
56 98 704
56 99 964
57 58 442
57 59 529
57 62 910
57 63 665
57 65 792
57 66 1010
57 68 1005
57 69 791
57 71 869
57 73 377
57 78 903
57 79 976
57 80 248
57 81 403
57 83 432
57 86 380
57 87 472
57 89 906
57 91 872
57 92 423
57 93 634
57 95 858
57 96 383
57 97 274
57 98 235
58 59 154
58 60 234
58 61 834
58 64 893
58 65 1034
58 66 606
58 67 360
58 69 687
58 73 239
58 74 383
58 77 567
58 78 258
58 79 1096
58 80 454
58 81 688
58 83 325
58 84 622
58 85 975
58 86 1044
58 87 1068
58 88 549
58 89 237
58 90 600
58 91 582
58 92 451
58 93 402
58 94 205
58 95 554
58 96 922
58 97 682
58 98 1083
59 61 660
59 63 332
59 66 296
59 67 1058
59 69 367
59 70 696
59 71 864
59 74 136
59 75 838
59 77 973
59 78 880
59 79 986
59 80 891
59 81 673
59 82 1076
59 83 598
59 86 278
59 87 216
59 88 150
59 89 749
59 90 756
59 91 902
59 92 234
59 96 1096
59 99 1089
60 62 261
60 63 114
60 65 775
60 66 284
60 67 548
60 68 605
60 69 924
60 71 111
60 73 1073
60 75 806
60 77 821
60 78 892
60 79 433
60 80 950
60 81 906
60 82 500
60 85 728
60 86 515
60 87 417
60 88 709
60 89 1055
60 90 269
60 91 986
60 92 134
60 94 440
60 95 305
60 96 373
60 97 370
60 99 402
61 62 136
61 63 164
61 64 815
61 66 138
61 67 398
61 68 241
61 69 207
61 72 990
61 73 1050
61 74 248
61 75 374
61 77 740
61 79 320
61 80 127
61 81 377
61 83 827
61 84 891
61 86 335
61 87 1019
61 88 901
61 89 904
61 90 177
61 91 235
61 92 707
61 93 969
61 94 189
61 95 254
61 96 783
61 97 216
61 99 129
62 63 425
62 64 298
62 66 396
62 67 1011
62 68 853
62 69 675
62 70 1071
62 71 128
62 72 156
62 73 205
62 74 379
62 75 654
62 76 529
62 77 195
62 80 224
62 81 646
62 82 100
62 83 1073
62 84 756
62 85 645
62 86 357
62 87 792
62 88 134
62 89 441
62 90 1076
62 91 502
62 93 661
62 94 1006
62 95 786
62 96 251
62 98 607
62 99 135
63 64 820
63 65 606
63 66 851
63 67 521
63 68 709
63 71 528
63 72 325
63 76 924
63 77 631
63 78 924
63 79 789
63 80 461
63 81 899
63 82 1029
63 83 418
63 84 839
63 85 132
63 86 105
63 87 255
63 88 995
63 89 132
63 90 566
63 91 308
63 92 693
63 93 916
63 95 1073
63 97 426
63 98 826
63 99 1059
64 65 1052
64 68 632
64 70 493
64 72 161
64 73 907
64 74 396
64 75 538
64 77 762
64 78 200
64 80 758
64 82 568
64 83 277
64 84 529
64 86 1037
64 87 729
64 88 1043
64 89 304
64 90 1022
64 91 561
64 92 693
64 93 188
64 94 684
64 95 996
64 96 676
64 97 928
64 98 643
65 67 807
65 68 1008
65 71 353
65 72 818
65 73 329
65 76 1093
65 77 1040
65 78 109
65 81 646
65 82 943
65 83 661
65 84 930
65 86 338
65 88 235
65 89 118
65 90 571
65 91 206
65 92 834
65 96 185
65 97 1072
65 99 1093
66 67 155
66 68 289
66 69 360
66 70 862
66 71 658
66 72 131
66 74 683
66 75 453
66 79 272
66 81 110
66 83 869
66 86 373
66 87 115
66 89 459
66 92 985
66 93 662
66 94 522
66 95 483
66 97 838
66 98 764
66 99 393
67 69 430
67 70 905
67 71 537
67 75 312
67 76 665
67 77 941
67 79 318
67 80 445
67 82 611
67 83 666
67 84 634
67 85 868
67 86 287
67 87 334
67 88 1090
67 89 1045
67 90 956
67 91 757
67 93 338
67 94 690
67 95 337
67 96 985
67 97 1097
67 98 1042
68 69 746
68 71 437
68 72 286
68 73 839
68 75 919
68 76 316
68 77 1059
68 78 254
68 79 743
68 80 676
68 81 695
68 83 292
68 85 846
68 86 1000
68 87 690
68 93 516
68 94 100
68 96 726
68 97 910
68 98 447
69 70 1046
69 71 1026
69 72 778
69 73 246
69 74 483
69 75 413
69 77 881
69 79 762
69 81 448
69 83 326
69 85 302
69 87 458
69 88 395
69 90 602
69 92 182
69 93 659
69 95 103
69 96 747
69 98 945
69 99 691
70 71 422
70 74 260
70 75 708
70 76 755
70 78 401
70 79 324
70 81 692
70 83 1089
70 84 412
70 85 677
70 86 859
70 87 829
70 88 157
70 89 861
70 90 945
70 91 102
70 93 454
70 94 880
70 95 288
70 97 138
70 98 573
70 99 271
71 72 1043
71 73 159
71 74 813
71 76 819
71 77 759
71 78 751
71 79 391
71 81 501
71 83 912
71 85 403
71 86 470
71 87 461
71 88 783
71 89 608
71 90 534
71 92 525
71 93 450
71 94 1022
71 96 1033
71 99 438
72 73 200
72 74 764
72 75 322
72 76 518
72 77 1056
72 79 700
72 80 284
72 81 275
72 82 1020
72 83 613
72 84 217
72 86 907
72 91 838
72 92 536
72 93 427
72 94 839
72 95 136
72 96 258
72 98 939
72 99 375
73 74 901
73 75 410
73 78 485
73 79 779
73 80 308
73 81 116
73 82 553
73 84 775
73 85 769
73 86 992
73 87 440
73 88 599
73 91 1053
73 92 152
73 93 838
73 94 235
73 95 843
73 96 169
73 97 687
73 98 1028
74 75 756
74 76 427
74 77 146
74 78 1061
74 79 807
74 80 489
74 81 814
74 82 812
74 84 584
74 88 439
74 90 282
74 91 752
74 92 806
74 93 135
74 94 754
74 97 690
74 98 857
75 77 1097
75 78 331
75 81 875
75 83 196
75 84 589
75 85 1088
75 86 312
75 87 265
75 89 240
75 91 679
75 92 382
75 93 604
75 94 456
75 96 130
75 97 209
75 98 790
75 99 569
76 77 693
76 79 231
76 82 671
76 83 238
76 84 704
76 85 845
76 86 915
76 87 954
76 88 519
76 89 531
76 90 767
76 91 845
76 92 767
76 95 967
76 96 147
76 97 182
76 99 615
77 80 1077
77 81 817
77 82 816
77 83 407
77 85 1058
77 86 242
77 87 509
77 90 819
77 91 411
77 93 157
77 96 291
77 97 727
77 99 397
78 80 280
78 82 586
78 83 865
78 84 391
78 85 123
78 86 488
78 87 1043
78 88 465
78 89 787
78 90 599
78 91 998
78 92 994
78 93 604
78 94 154
78 95 886
78 96 118
78 97 739
78 98 445
78 99 402
79 80 729
79 86 997
79 87 1022
79 88 855
79 89 942
79 90 474
79 91 684
79 92 625
79 93 544
79 94 661
79 95 836
79 96 137
79 97 838
79 98 825
80 81 606
80 82 581
80 83 412
80 85 182
80 87 756
80 88 1049
80 89 599
80 90 904
80 91 284
80 92 315
80 93 204
80 94 964
80 96 729
80 97 278
80 98 810
80 99 810
81 83 664
81 84 481
81 85 999
81 87 678
81 89 204
81 90 656
81 93 584
81 95 235
81 96 400
81 98 1020
81 99 146
82 83 607
82 86 697
82 87 148
82 89 1087
82 90 715
82 91 581
82 93 471
82 94 794
82 96 1048
82 97 405
82 99 421
83 84 206
83 85 234
83 86 379
83 88 128
83 89 531
83 92 173
83 93 344
83 94 200
83 96 520
83 97 308
83 99 603
84 85 982
84 86 172
84 87 333
84 88 362
84 89 311
84 91 673
84 92 424
84 93 732
84 96 291
84 97 605
84 99 228
85 86 1048
85 87 444
85 88 177
85 90 970
85 91 977
85 92 929
85 93 335
85 94 123
85 96 993
85 99 573
86 87 346
86 89 763
86 90 664
86 91 559
86 92 131
86 93 543
86 95 580
86 96 558
86 98 175
86 99 443
87 88 799
87 90 149
87 91 1047
87 92 892
87 95 954
87 97 267
87 98 567
87 99 571
88 96 460
88 98 560
88 99 289
89 90 700
89 92 214
89 93 791
89 94 554
89 95 1076
89 96 987
89 97 595
89 98 739
89 99 759
90 91 595
90 93 751
90 96 146
90 97 423
90 98 743
90 99 1011
91 92 1097
91 93 753
91 94 358
91 95 175
91 97 223
91 98 535
91 99 929
92 93 414
92 95 313
92 96 937
92 97 831
92 99 938
93 94 104
93 95 625
93 96 911
93 97 717
93 99 381
94 95 923
94 96 757
94 97 1060
94 98 110
94 99 575
95 96 820
95 97 557
95 98 664
96 97 772
96 99 834
97 98 974
27 1 8 16 18 26 27 33 38 40 43 46 51 53 54 55 57 60 62 67 68 74 79 86 90 94 96 98
22 3 9 13 17 19 20 21 22 23 24 39 44 45 47 49 56 77 82 87 92 93 95
22 2 4 5 6 7 14 15 25 28 35 37 41 48 61 63 65 66 72 73 76 81 89
28 0 10 11 12 29 30 31 32 34 36 42 50 52 58 59 64 69 70 71 75 78 80 83 84 85 88 91 97
