10,0,100,-4
45,28,37,50,50,39,34,40,34,46,32,45,28,47,28,37,40,25,35,36,28,27,25,34,26,36,40,6
30,41,40,43,50,36,49,41,40,42,30,25,46,30,25,25,42,47,32,25,30,39
42,42,40,35,40,39,40,42,40,39,39,39,35,42,46,47,34,50,43,40,25,50
50,42,40,35,35,35,34,40,42,30,29,34,42,34,35,35,45,25,25,37,39,7,44,39,28,45,25,50,42,29
50,39,27,25,45,39,25,39,37,14,29,30,48,30,33,34
50,50,42,35,37,40,25,25,26,38,30,50,34,39,39,43,47,45,40,46,41,50,34,30
30,40,29,50,50,40,40,32,39,33,34,25,50,47,50,39,25,37,39,39,39,37
40,25,47,50,47,41,36,48,50,47,25,25,50,36,47,50,34,25,36
45,34,20,50,42,39,25,25,50,50,50,42,34,46,30,37,34,32,46,47,40,41,39,36,50,50,40
30,36,45,35,50,37,43,46,36,25,33,50,37,42,50,46,25,25,39,40
