300,253,2000,-1
22,8,22,6,1,32,7,10
13,17,0,41,4,27,35,0,45,19
27,20,26,13,23,3,47
18,15,26,0,42,27,3,19,32,16,36
35,35,9,50,42,4
42,47,22,45,25,44,16,21,23,38,49,26,3,47,30,36
22,1,19,15,3,23,24,38,36
4,41,19,25,26,24,13,10,50,38,30,8
3,26,15,38,28,36,16,50
44,49,25,41,16,40,26,33,39,40
39,6,25,12,4,8,47
17,19,47,12,34,11,32,4,6,0,48,43,42,33,13
11,45,4,31,38,0,36,4,14,35,9,22

48,37,17,39,50,12,50,38,13,4,24,4,10,32,27,34,10,36
11,40,2,19,46,25
18,13,25,7,40,41
50,35,6,14,11,48,7,49,16,0,12,11
8,20,9,30,45,35,22,45,3,48,36,24
41,17,26,10,28,46,4,31,1,18,2,1,6,41,1
14,6,21,48,20,45,26,39,18,15,12
41,5,4,14
28,6,0,48,7,13,40,33,45,13,14,39,20
44,0,44,41,17,4,29,19,15,29
50,36,26,10
39,47,43,23,49,33,3,41,10,14,22,20,36,43,42,32
20,13,3,4,3,38,47
16,46,46,24,2,41,32,6,45,20
19,34,1,4,41,21,33,4,15,33,12,45
17,13,0,12,17,42,14,39
23,37,25,13,21,17,39,16,20,15,30,24
13,13,3,31,2,44,10,29,13,18,18,29,10
32,44,0,1,8,33,16,29,19,11,42,19
11,42,9,14,21,31,4
46,4,43,6,47,10,23,12,7,34,43,17
49,41,27
50,12,23,0,45,19,9,6,12,20,6
31,43,0,40,30,16,39,12,2,11,47,12
3,12,10,32,19,29,2,14,19,21,10,47,12
7,10,15,41,5
50,33,14,38,48,41,29,7,34,2,48,31,24,47,3,27,7
45,10,23,14,48
25,42,24,1,43,34,38,12,32
25,43,14,3,32,4,10,39,45,44,42,12,32
0,43,4,5,20
48,45,37,2,28,27,48,29,20,4,19,11,29,9,40
18,36,25,21,49,14,33,17,2
47,2,45,25,49,32,50,43,3,20,4
11,41,13,30,8,37,9,29,2,38,46,44
27,44,33
12,35,15,31,16,37,34,40,50,15,27,46,23,32,27,4,13
13,25,24,21
38,36,46,9,34,44,3,13,40,13
39,39,23,29,50,33,18,37
27,38,26,39,6,28,37,26,29,12,28,1,38,50,26,29,27
38,41,15,20,50,21,24,40,45
40,11,33,17,37,40,2,14
18,39,35,31,15,17,9,30,43,10,45,24,48
30,10,45,26,35,47
14,14,46,6,17,33,49,28,20,5,15
7,11,6,50,17,31,16,38
47,22,29,8,1,14,1,26,40,32,38,33,2,33
22,4,45,27,1,26,23,27,19,38
27,37,30,26,22,39,42,13,39
2,40,15,28,15
40,29,28,10,33,35,1,46,45,9,6,12,23,23,50,45,49,3,16
20,11,6,22,22,40,49
42,30,30,29,34,32,50
39,18,3,9,44,41,17,29,12,50,15,38,27
23,35,38,1,39,2,28,9,48
19,11,10,49,21,33
6,24,19,45,43,22,25,3,15,7,29,11
27,13,39,19,17,44,31,2,21,30,1,34
36,37,13,34,2,30,12,21,29,36,38,31,22
23,37,45,17,38,48
36,15,4,16,7,36,15,35,3,11
12,25,43,12,5
3,32,23,28,48,29,36,40,48,46,27,42
9,47,28,47,13,20,31,26,26,43,20,49,0,4
37,44,28,45,23,36,9,28,42,4,30
43,44,4,21,44,21,16,4,11,35
45,10,11,45,5,6
29,30,20,19,6,8,2,27
36,12,37,1,6,37,17,27,1,25,14,30,16,25,47
42,34,3,7,17,48,49,31
4,8,8,39,1,24,0
25,47,15,0,45,30,12,35,7,22,41,35,1,42,36,31,5
24,0,5,0,31
11,42,2,33,7,42,27,37,4,23,11,12,28,13
50,5,47,17,2,29,44,37,45,3,42,3
27,33,34,1,28
30,28,25,7,21,20,42
31,44,17,25,35,13,22,48,11,26,26,34,32,39
36,25,12,27,48,5,38,41,13,49,48,5,46,48
5,7,32,24,7,3,50,12,42,35
35,17,36,14,50,49,4,50,6,37,32,11
16,42,11
27,21,27,14,3,44,7,15,0
49,46,39,14,29,43,25,21,8,16,50,7,7,31
36,17,30,23
1,4,50,24,33,45,43,9,29,48,3,18,41,3,13
15,31,25,39,20,16,37,20,1,11
21,12,17,28,7,12,3,44,40,10,45
16,48,50,1,23,40,39,3,1,34
49,16,15,21,19,48,32,4,5,23
18,11,41,31,35,31,13,45,31
36,28,30,45,34,35,31,12
23,23,23,23,22,40,28,15,21,0,0
23,47,32,4,38,11,37,50
28,14,4,22,7,10,28,12,10,46,39,26
14,26,7,45,26,22,32,18,27,32,46,17,34
26,15,7,13,37,33,18
15,33,16,37,30,16,1,45
48,16,42,27,36,47,41,13,49,10,40,2
10,50,43,26,18,7,15,36,27,38
26,9,24,27,32,19,39,19,33,10,44
17,16,12,37,7,17,7,25,48,38,12
19,38,42,6,19,47,30,28,35,49
49,4,50,17,4
40,36,4,47,21,36,4,46,42,50,10,36,0
23,10,14,29,29,4,40,48
21,44,39,28,9,0,31,37,46,15
39,44,3,37,37,27,47,38,3,34,28,25
50,43,33,19,15,36,34,12,38,34,32,14,16,15,47
43,44,12,36,8,27
38,36,45,5,7,13,19,48
46,21,12,39,33,35,45,12,8,23,34,18,2
39,9,37,4,0,44,48,9,19,6,6
11,32,4,17,22,28,48,43,40,40,8
34,15,44,39,42,30,26
34,16,20,1,5,37,39,12,39,18,11,50
28,45,35,18,12,35,41,44,29,30
30,50,5,35,32,35,47,12
6,40,13,5,9,34,29,30,28,14
33,3,15,30,28,18,5,43,22,38,28,30
50,35,47,16,43,15,43,45
3,21,30,31,45,31,34,7,14,24,4
49,29,50,47,27,20
46,23,33,30,7,21,33,15,22,3,1,18,17,39
14,21,50,20,28,0,36,18
20,31,1,29,3,28,22,0
42,8,16,0,16,21,11,15,1
7,11,31,14,44,44,33,22,29,31,41,44,29,38,36
11,12,30,12,38,38,30,36,4
39,30,12,1,35,17,27,48,48,36,22,43
2,37,28,13,45,9
30,4,0,49,36,37,18,48,45
29,32,29,45,29
8,34,8,7,27,36,40,30,35,47,10,49,24,3,6,41
28,20,34,29,6,13,11,4,32,7,1,37,9
41,42,35,28,3,0,22,44,4
13,47,11,35,29,38,31,18,37,28
7,20,20,33,27,39,15,21,27,10,46
2,38,26,39,26,38,38,45
47,18,2,6,13,23,16
19,29,4,38,25,12,47,23,41,16,45,24,26,36,47,11
9,45,34,29,15
16,44,33,35,14,8,22,42,44,37,29,23,9,31,10
34,49,33,8,9
46,42,24,34,15,18,37,34,7,30,1
17,24,38,23,1,1,38,9,34,2,6,49,6,17
1,50,30,6,29,15,14
5,35,18,13,34,9,47,19,22,23,16,41
8,36,29,15,24,2,17,26
20,17,17,50,19
49,29,2,0,47,36,38,32,19,7,36
17,3,30,14,20,7,2,18,23,50,32,2,36,29,4,40
3,44,11,41,4,8,13,22,2,42
35,26,17,44,16
5,5,23,13,16,47,42,13,4,10,50,1,22,1
37,18,3,7,11,23,6,49,3,27,37,49,23
30
32,5,48,29,34,15,22,18,7,16,41,42,32
10,2,47,39,3,19,24,26,30,47,22,19,48,28,36
12,36,20,27,25,8,40
35,46,34,42,42,22,0,38,4,35,6,19
8,6,34,12,8,14,27,15
30,8,39,24,18,44,17,47,42,25,1
7,41,10,7,14,37,16
45,22,17,33,12,24,23,47,40,16,11,38,20,39
49,47,0,42,37,42,5,27,27,35,45,6
3,28,46,34
30,44,23,3,9,48,23,31,23,42,19,26,28,35,11
10,15,15,39,5
29,8,27,21,49,0,3,20,26,43,30,48,1,8,34,2
19,31,31,10,33
13,3,47,36,48,42,36,1,1,39,37,0,12,0
3,3,17,24,45,15,18,31,14
12,38,40,43,40,47,31,50,42,41,33
38,47,46,18,18,25,2,48
32,26,42,32,44,42
33,27,26,12,2,3,37,25,30,18,26,25
35,12,29,10,12,19,0,20,27,22,41,14,45
31,15,33,40,32
2,40,33,31,31,30,3,43,31,22,35
21,6,50,7,47,18,37,12,39,50,12
25,23,38,25,39,31,41,17,10,3,50,20,7
25,7,0,25,16,16,16,26,29
46,11,23,32,19,50,11,41,42,5,2,13,0
26,3,46,16,24,9,23,27
39,35,4,17,17,26
41,29,38,27,24,4,6,0,7
16,50,9,28,39,24,19,24,13,31,41,9,1,35,17
10,27,45,7,10,9,39,9,26,21,34
17,21,23,13,9,8,26,40
11,33,5,5,14,49,26
23,5,35,37,48,36,42,41,29,32
42,41,22,35,18,12,5,41,14,45,40,42,50,46,10
30,19,9,2,44,25,17,40
8,31,15,22,34,11
20,1,27,0,33,32,5,1,38,25,9,34,37,6,39,39
34,42,7,9,40,20,35,19
32,45,2,13,39,34,28,42,3,17,25
11,7,23,23,13,38
50,42,45,3,23,32,47,24,2,20,9,15,45,33
18,22,18,16,34,0,43
48,45,5,47,5,29,50
43,35,4,10,2,3,1,22,43,29,0
37,22,25,24,29,15,14,47,34,5,25,1,18,17
13,43,2,20,12,36,27
20,43,0,47,39,10,14,45,39,22,29,23,7
18,25,42,41,26,35
16,30,29,12,19,47,12,28,42,50,6,2,13,5,10,41,28
15,20,29,35,22
17,47,4,49,25,34,12,34,47,10,3,18,46
2,4,31,21,37,31,1,27,15,33,7,16,23,2
37,6,8,45,44,7
27,11,16,12,17,36,50,11
7,24,4,12,21,14,47,49,19,33,4,29,15
47,44,19,46,28,49,20,44,29
25,3,43,43,12,13,10,4,23,6,41,9
24,2,42,34,41
15,45,26,24,42,47,9,11,15,16,1,22
32,22,50,14,10,38
18,50,30,29,15,31,5,13,23,29,49
14,7,16,12,38,3,15,42,0,48,34
47,5,17,30,34,12,22,28,7,43
11,47,3,29,44,47,7,45,18
17,47,12,30,47,30,18,42,17,17
25,21,9,46,34,0,37,9,35,2,27,35
27,0,31,33,29,27,11,40,17,46,40
23,46,1,9,4,0,20,4,22,25
41,11,30,35,27,48,25,47,0,40
5,1,16,44,50,44,16,50,35,19,42
19,12,0,16,33,43,5,5,16,26,17
15,20,9,47,13,33,0,28,39,29
41,39,38,29
41,40,4,21,11,34,2,8,20,41,27,9,47,42
48,9,18,42,41,22,11,21,8,25,48,32
16,5,17
17,22,40,45,44,17,47,20,37,32,41,44,13,22,7,38
33,0,26,41,17,4,46,30,42
17,12,36,48,20,19,43,16,21
38,10,2,31,47,18,38,39,12,2,14
1,47,19,10,4,33,34,39,6
20,46,24,24,47,1,49,6,42,44,38,19,27,21
22,23,38,41,30,18,9
31,13,32,10,29,22,19,6,25,30,41,26,7
14,40,23,32,48,5,40,39
6,15,25,8,37,36,0,7,17,50,18,32,44,3
28,18,15,3,39,9
39,5,28,30,13,28,42,41
42,48,10,42,28,25,6,30,15,1,13,25,46
42,36,27,34,20,35,50,38,13,47
15,12,19,34,33,38,0,50,28,18
48,27,41,24,44,32,14,11,36,2
47,34,44,14,39,17,48,1,50
18,3,14,37,50,32,36,29,49,34
13,15,45,0
1,11,8,46,26,31,23,23,34,26,43
9,22,36,1,18,46,8,22,30,6,12,30,48,22,12
3,36,35,19,32,22,11,2
4,19,41,40,18,21,50,26,10,20,19,36,0,11
8,27,41,42,1,14,37,13,17,39,21
8,18,14,21,39
46,15,28,5,1,34,4,40,9,21
38,25,27,8,42,2,42,15
26,2,12,4,45,23,40,44,13,32,2,37,2,45,35
50,17,28,30,18,47,45,47,45,29
41,6,48,29,22,50,19,18
50,34,29,31,44,45,7,33,11,22
43,49,38,28,16,34,34,38,9,16,50,6,35,14
33
37,49,45,45,39,18,34,17,7,46,49,49
8,43,48,44,34,41,27,19,43,18,1,33,30,44,42,16
23,24,34,11,2,17,16,14,3,6,9
47,41,8,19,31
9,5,36,27,27,28,49,47,16,40,19,23
46,9,28,8,21,20,20,47,5,31,1,8
41,20,22,14,13,30,47,15,43
50,10,44,45,36,38
47,36,5,11,47,49,17,28,25,20,5
2,11,49,24,24,14,18,10,6,49,6,2,13,38,1
22,18,47,28,41,28,22,10
29,45,18,48,45,0
40,36,34,18,33,42,39,42,16,34,21,45,15
37,31,42,25,29,10,14,42,43,21,11,21,50
7,5,48,33,45,26,20
40,24,28,14,43,7,9
28,3,10,49,25,13,21,37,33,23,9,27,4,43
