20,19,100,14
34,39,50,34,34,30,30,46,25,30,30,40,36,50,35,50,36,28,26,34,37,30,30,41,42,42,50,41,35,37,37,30,38,48,48,32,42
40,46,50,34,35,36,43,43,42,43,45,50,50,35,40,5,50,46,25,39,40,35,50,36,39,40,30,34,30,30,30,50,30,50,25,50,25,40,28,30,39,50,36,32,46
50,43,45,50,50,31,37,30,50,25,38,34,38,34,41,35,30,43,47,47,43,50,40,32,40,18,25,43,37,34,35,29,43,32,41,45,47,37,25,29,47,39,37,30,34,25
48,39,25,50,50,22,37,34,33,30,35,42,30,32,25,42,37,38,41,50,25,50,40,45,36,39,48,25,30,39,25,42,34,43,40,37,39,40,30,42,16,40,40,40,37,46
50,50,25,25,36,47,29,50,50,50,50,42,25,47,50,25,37,40,25,30,40,48,45,36,39,30,30,25,36,45,39,34,50,34,33,30,29,36,35,50,47,42,29
36,50,46,50,30,45,47,41,32,35,50,34,41,50,50,41,29,42,45,25,40,34,30,42,50,50,46,30,50,36,49,48,50,50,46,40,30,43,50,36,46,25,34
50,50,25,39,37,29,37,12,37,30,30,42,25,25,3,50,40,41,43,34,25,34,50,37,50,50,45,30,41,42,44,37,48,50,34,39,49,26,44,33,50,38,6,29,50,36,30,50,25
35,35,46,45,35,25,38,28,34,50,37,40,18,50,34,50,50,37,45,41,35,16,35,39,50,30,25,30,35,25,41,47,25,34,40,35,40,41,42,30,34,25,22,40,48
46,39,30,46,37,50,34,50,35,50,41,37,36,43,43,36,25,30,30,46,42,34,34,29,43,48,39,34,50,25,37,39,47,37,30,37,40,45,39,50,29
28,25,45,26,50,28,39,41,30,41,50,40,25,25,40,35,50,47,43,26,34,50,50,42,38,39,35,50,29,50,35,50,37,35,38,40,47,49,50,34,38,26,34
41,40,30,35,34,37,36,25,40,34,50,42,16,47,36,39,29,30,42,50,39,37,38,35,47,46,34,40,50,43,42,47,30,22,35,50,50,38,48,30,42,40,40
50,39,43,50,35,40,43,50,43,41,34,42,30,40,35,40,42,40,24,34,35,34,30,30,32,50,47,14,40,46,50,39,50,30,43,45,50,42,27,50,43,30,50,39
43,16,30,36,43,25,45,46,43,25,40,35,30,39,47,25,26,50,38,34,36,30,28,50,39,30,35,42,35,50,32,28,35,48,39,40,30,36,40,34,45
38,34,30,39,50,50,47,39,38,25,44,30,40,50,39,35,25,47,25,39,30,41,30,50,30,43,30,46,34,25,25,25,35,40,49,34,28,29,25,39,41,40
36,50,34,37,50,50,50,50,40,40,35,40,35,30,45,30,27,43,37,34,30,39,37,50,30,47,40,27,37,50,45,32,38,38,43,50,29,25,28,25,50,34,35,37,44,25,42,50
41,35,50,29,30,35,46,38,30,42,50,45,25,36,50,45,35,39,32,40,43,50,35,26,39,40,34,50,46,39,39,50,25,47,35,37,30,47,42,34,35,35
43,45,42,30,36,47,50,34,50,26,37,30,36,34,33,34,45,34,30,30,25,50,47,34,46,34,34,47,42,36,50,34,35,43,37,25,30,50,39,48,40,50
50,35,30,39,33,36,39,35,39,34,50,36,50,30,28,39,43,50,10,30,39,26,37,33,34,25,40,43,50,34,30,50,38,50,39,50,34,32,37,50
50,50,30,29,47,47,30,45,25,50,25,40,50,50,50,43,40,41,29,39,35,42,47,46,45,50,30,25,50,50,37,45,47,26,33,50,48,34,39,35,47,25,34,41
44,34,39,42,42,39,41,41,45,50,13,35,43,47,50,40,25,25,43,30,50,37,34,39,48,50,41,41,34,50,40,34,50,35,50,50,25,30,30,43,50,34,44,39,44
