50,18,200,34
50,50,35,34,39,41,25
34,38,42,50,30
47,36,50,46,39,34,26,43,42
30,40,45,39,40,43,43,50
46,38
50,43,50,40,30,28,50,30
45,43,47,42,34,41,39,39
50,29,29,40,45
43,50,42,30,36,42
50,39,40,37,34,48,25,48
40,30,41,34,47,38,34,25
42,50,34,37,41,39,40,30,45
35,45,39,39,34,32,45,34,30,36
25,25,40,42,30,41,40,34,35,37
45,38,42,25,50,14,34,50,39,34,30,50
34,31,34,50,29,50,25
50,38,35,42,47,35,50,42
30,50,41,50,33,48,43,36,43,34
43,40,45,34,37,25,42,50,25
39,49,39,39,30
43,39,40,34,25,50,38,39,39,39,25,39,46,36
25,47,27,50,40,30,25,42
47,41,39,45,48,39
34,30,50,42,30,45,25,39,34,45,42,45,30,50
50,34
36,45,25,27,28,30,40,30,34
25,27,34,25,30,29
42,25,43,25,50,34,35,42,48,25,36,41
30,45
50,34,30,50,46,45,50
25,47,43,50,37,35,30,50
25,30,30,25
35,45,43,46,25,50,34,50,34,25,33,46
39,50,45,39,39,50,45,47
39,30,39,45,43
50,45,35,33,25,40,50
41,39,34,32
34,28,40,40,42,30,33,39,39
34,50,29,30,50,50,25,25,30,29,34
28,25,43,38,45,48,39
45,37,39,30,42,38,40,50,42,32,47,47,41
40,42,30,40,50,37
43,40,40,36,49,50,41,34,35,45,38
34,40,39
39,47,27,43,50,37,45,25,40,42,30
39,38,45,34,48
50,50,50,40,30,50,39
34,47,50,41,48,30,29,40,47,25,42
38,47
30,50,30,42,40,45,34,25
