50,35,200,-34
5,5,12,31,35,24,25,44,11,19,3,20,22,35,41,44,46,23
8,1,40,50,18,13,49,5,21,27,25,34,22,35,48,14,39,36
32,26,12,26,16,49,2,10,38,34,24,23,22,8,29,28,31
34,19,45,26,20,21,8,31,6,41,24,3,27,11,50,29,23,20,39
33,29,43,22,8,50,34,14,12,0,22,26,27,6,21,3,24,17,33
27,43,48,28,18,46,7,35,39,34,5,14,49,24,32,43,23,37,29,47,8,12
0,40,48,1,41,27,34,24,6,11,0,31,39,34,30,34,34,13,5,8
30,35,20,37,20,28,45,48,2,16,10,27,15,17,39,21,5
22,20,43,9,9,27,25,49,33,9,45,5,12,48,4,11,23,18,17,20
3,7,30,33,34,0,31,0,44,47,24,18,16,5,37,25,21,42,34,17
21,44,7,7,13,44,41,28,33,20,40,24,37,37,3,1
0,36,13,40,22,0,26,39,2,13,40,19,7,9,20,4,7,12,17
34,17,44,28,41,16,50,14,34,26,3,40,43,1,10,44,12,49
35,19,43,12,6,18,2,27,19,32,32,50,9
29,24,3,13,36,28,14,47,43,1,31,43,14,2,0,16,0,19,17
7,18,1,18,38,32,1,2,22,5,39,37,45,38,50,30,12,20,17,11,16,2
8,38,38,34,36,49,30,26,15,47,9,44,9,39,15,5,37,42,23,12,33,45,18
5,0,49,21,0,47,17,28,1,13,23,37,15,49,17,38,4,50
20,30,32,20,43,15,5,49,19,32,1,7,42,24,17,3,23,42,37,17,37,6
6,38,37,13,2,13,30,24,35,43,37,30,16,43,10,29
16,24,35,4,6,8,4,23,45,3,34,35,4,47,24,22,38,23
37,39,47,11,43,24,17,50,33,19,20,19,4,9,6,8,37,24,9,29
23,7,42,19,33,46,37,1,20,9,21,11,42,49,13,45,8,43,0,11,36,10,34,24,13,37
3,28,9,0,16,36,19,36,12,7,19,28,27,21,40,2,27,37,43,13,0,30
39,8,25,23,33,18,48,20,0,2,10,29,4,14,17,47,24,21,40
8,15,37,11,6,39,28,10,37,50,29,22,50,42,41,15,27,23,15,20,45,47,6,50
21,21,6,35,48,9,39,0,15,28,14,39,24,7,2,40,36,48,31,6,28,17,27
44,26,29,32,8,33,13,46,7,31,25,10,2,24,47,48,45,29,36,8,25,5,14,36,1
27,14,3,36,8,25,10,19,48,24,21,26,3,9,3,38,20,36,14,27
37,9,11,16,36,29,41,8,47,6,10,37,47,12,25,19,29,8,29,22,25,9,19,30,26,24,32
43,27,41,10,16,13,44,50,0,46,38,28,26,33,5,37
15,17,2,46,26,47,28,7,31,13,48,28,24,8,2,19,13,2,31,40,21,36,24
39,41,36,13,21,30,33,48,25,24,30,33,14,46,5,25,19,26,41,31,39,16,35,44,44,34,44
26,0,6,48,29,40,35,16,1,27,43,43,9,25,3,12,18,24,20,16,8
18,31,20,49,50,16,22,0,4,35,27,43,28,33,20,11,4,42
23,31,10,8,41,41,1,47,10,13,16,9,21,16,44,0,48,48,46,44,37,37,46,26,33
22,0,39,41,48,43,47,0,35,40,18,39,16,31,8,8,42,18,33,22,15,17,4
16,5,27,31,39,5,16,43,48,34,15,0,24,42,5,7,44,18,20,34,24,40,36
2,0,35,19,47,12,43,50,22,22,2,3,43,42,18,18,47
0,2,22,17,40,33,8,30,1,21,26,8,10,15,14,3,13,31,14
14,47,6,1,45,39,10,5,43,42,10,6,22,25,16,6,45,31,2,3,38
44,27,44,6,30,8,32,34,49,34,40,38,28,50,22
0,23,42,7,46,50,41,22,36,3,42,15,1,40,12,11,17
12,47,46,3,30,9,14,20,25,4,10,12,44,31,12,48,6,50,24
32,48,7,19,9,11,18,23,3,24,9,35,4,16,40,46,46,0,8,12,6,30,3,34
44,15,46,18,47,36,49,49,5,50,29,15,0
19,22,35,44,48,22,49,36,20,22,43,48,46,33,37,4,25,10,10,8,48,35,40
15,46,36,41,37,46,45,21,16,38,5,11,11,5,6,18,13,2,44,29,2,40
47,39,3,13,24,45,31,19,44,16,33,3,44,13,9
12,6,27,48,39,15,24,19,0,25,22,2,34,41,7,28,37,21,5
