100,16,1000,74
13,15,40,29,13,7,48,14,44,46,32,48,4,37,7,2,9
46,22,11,25,6,16,16,31,48,15,38,48,41,4,17
33,43,19,50,7,33,50,5
15,10,6,14,39,9,11,18,7,36,38,16,38,50
23,44,42,30,4,17,22,43,36,47,48,42,13,25,35,4
23,48,10,11,21,27,50,31,9,16,37,31,48,21,25
12,50,14,12,7
48,13,24,28,15,30,38,42,6,6,44
40,29,26,2,31,43,16,17,37,41,46,24,11,36,15,2
30,24,44,39,25,28,41,22,15,17,30,39,26,28,3
16,18,36,41,33,0,24,42,28,16,5,8,29,36
20,39,3,24,25,17,10,5,16,28,27,12,8,23,10
37,22,22,25,14,46,14,23,6,2,22,4,41,13
45,45,22,17,44,44,48,34,30,33,49,43,40,13,6,37,14
19,9,0,2,24,47,11,4,23,36
0,12,41,3,27,39,46,27,4,21
12,1,30,22,44,13,8
41,23,36,8,15,6,48,36,8,9
43,20,14,23,30,14,27,5,19,11,36
3,46,3,5,5,7
42,36,43,37,45,14,0,18,46,18
25,48,24,45,18,3,32,26,11,1,44,21,12,27,42,5,5
24,9,16,34,44,41,14,44,26
43,17,4,15,32,1,32,19,14,45,40,3,47,28
11,25,38,23,32,28,16,29,46,38,16,34,29,14,11
16,35,10,33,43,23,26,5,14,31,0,8,49,26,34
48,0,3,44,24,30,43,0,22,25,7,50,39,20,44
17,34,38,22,43,6,45,10,25,34,22,25,50,9,31,15
45,18,49,29,38,18,9,8,50,50,30,44,6,11,3,8
9,32,14,39,10,43,12,3,20,42,36,47,37,30,7,11,1,8
18,37,19,32,43,41,24,10,43,0,12,32,8,18,47,4,34,50,23
49,49,48,34,32,25,13,6
43,30,24,37,10,43,46,33,4,10,32,10,27,23,33,24,49,50,27,25
1,15,36,18,5,16,33,48,9,42,27,29,7,37,36,17,9,40,12
47,8,48,25,24,31,40,31,12,22,7,21,20,30,13
23,31,20,20,16,21,50,29,23,37,10,0,37
13,15,27,50,45,35,24,45,19,29,5,37,21,18,38,29
3,13,32,7,14,46,38,20,27
30,30,21,17,2,17,5,7,37,40,39,18,37
7,32,25,2,10,6,1,10,28,41,21,50,17
4,37,34,1,5,9,16,9,22,20,28,10
27,11,8,20,1,9,48,18,46,1,16,38,13,38,29,7,18
48,24,9,12,22,44,4,42,39,20,27,43,33,41,33,2,3,42,50,26
50,6,9,27,41,46,0,15,18,21,29
13,2,36,16,45,44,29,9,19,7,15,30,20,34,10,11
32,41,36,36,27,3,6,12,30,28,18,13,39,0,50,18,22,44,48,16
0,4,40,10,25,14,31,27,5,3,18,7,26,30,30,19,25,26,9,33,44,43,39,42
40,27,32,9,16,28,30,3,44,28,2
33,5,37,31,0,4,42,10,31,40,46,39,49,20,18,27,5,17,29,23,20,44,20
4,42,0,34,10,32,18,47,21,20,5,42,32,44
12,46,38,15,48,14,28,34,49,19,8,14
19,30,46,25,42,24,28,30,24,14,15,4,45,26,6,7,36,31,12,10,19,47,4,26,31,43,25,48
47,22,38,20,27,24,33,26,15,33
26,35,26,14,17
28,4,42,47,4,23,17,46,30,30,37,13,36,49,45,33,12,20,30,22,11
45,13,25,40,46,12,16,50,29,12,49,49,41,23,36,15,44
33,8,30,35,32,34,49,32,17,18,39
32,35,17,13,12,40,14,2,34,50,32,46,50,7,48,38,11,41,17,40,37,44,50
16,37,0,36,9,50,35,27,2,14,5,7,42,4,32
9,21,13,30,45,46,31,19,27,1,11,46,11,18
50,29,30,36,40,6,11,6,47,50,16,35,22,25,14,44,38
29,34,36,39,5,0,44,26,26,47,6,41,44,8,36,27,13,3
32,48,32,38,30,47,29,40,9,4,13,1,31,20,49,39,27
39,27,0,40,27,20,17,2,49,45,41,47,11,24,49,20,47,49,34,12,17,33
1,34,4,35,42,13,48,34,11,27,29,10,26,46,47,31,45,39
29,9,12,32,3,39,15,49,25,44,9,12
15,22,17,17,7,46,19,29,14,29,41,28,14,30,12,45,48,15
49,15,28,48,9,44,2,2,49,23,48
22,30,24,36,24,23,25,49,45,7,28,2,21,16,24,8
20,21,11,0,33,34,12,22,20,44,24,12,20,37,1,29,35,38,16,14,25,30,31
12,29,13,28,20,19,42,8,34,35,16,2,16,11,35,15,21,31,40
42,41,30,48,34,7,21,1,44,0,26,26,0,46,12
45,18,39,37,42,0,6,21,13,17,14,38,20,25,22,36
9,37,5,17,15,40,24,18,0,14,8,27,20,30,45,42,38,49,39
37,50,15,1,2,0,13,7,25,5,8
39,11,32,36,28,16,50,15,30,10,27,1,31,44,48
16,18,7,2,9,2,43,47,1,42,22,7,12,29,19,0,24,47,33,9,39
14,45,16,42,10,2,18,46,30,24,3
13,33,8,4,25,41,7,40,0,10,40,28,10,32,7
38,6,16,48,44,33,7,45,18,44,13,6,36,29,1,0,5,26,39,37,41,17,35,29,28,4
24,44,19,38,43,7,36,15,50,25,48,40,48,13,11,39,40,30
16,49,9,8,20,7,6,48,39,33,45,14,22
47,36,2,47,0,6,8,14,24,33,29,41,24,5,49,7
48,35,14,31,46,0,40,14,27
19,31,10,34,49,19,7,41,42,45,28,13,33,11,4
29,37,31,47,42,24,35,25,14,44,43,21,18,38,20,26,16
26,16,46,18,5,10,31,43,16,11,49,22,14,42
42,46,21,10,44,47,50,47,27,0,26,38,10,41,4
24,17,17,19,44,11,17,15,13,14,1,24,41,46,45,21,43
46,2,7,45,9,40,14,39,48,4,31,32,7,39,40,24
12,36,39,37,17,2,21,17,38,40,24,0,48,15,3,25
28,47,18,30,46,33,7,43,18,46,25,44,24,39,49,21,36,25,18,27
47,48,48,1,27,44,21,31,2,10,49,30,21,8,29,29
5,34,24,4,5,22,12,26,0,7,49,20,50,47,16,19,10,40,40,16,43
14,22,5,6,28,38,29,19,29,27,9,43,24,35
29,27,50,40,0,32,29,30,29,23,35,34,0,29
50,14,20,8,48,28,21,18,43,6,40,36,21,46,19
45,27,38,29,18,37,37,49,19,38,8,39,50,30,3,36,25,50
16,12,31,38,20,17,10,36,11,26,48
0,14,38,12,18
