10,6,100,-6
25,44,16,35,16,45,8,44,45,44,18,44,3,10,48,1,18,7,23,25,37,12,11,22,2,27,48,11,34,45,13,27,9,14,0,20,49,35,36,26,10,30,10,47,23,18,4,50,27
0,41,10,21,42,38,21,5,14,14,25,20,38,42,42,24,25,41,14,17,1,49,43,36,31,2,37,42,48,1,18,11,30,29,11,13,14,24,45,12,27,1,21,43,19,1,23,47,40,34,11,43
28,11,14,36,17,20,39,19,37,29,24,35,4,17,31,4,36,34,15,46,50,46,9,27,47,41,27,41,35,48,2,33,47,4,25,19,40,8,29,0,14,26,1
10,0,1,10,50,8,45,19,40,27,13,2,25,18,46,37,30,41,15,11,16,50,49,36,41,27,17,6,29,2,44,14,13,26,13,31,37,40,8,27,32,29,42,15
6,24,43,4,46,10,4,18,31,18,6,45,15,2,3,15,17,48,37,38,47,6,17,15,50,43,31,8,10,39,10,6,6,21,17,40,18,6,28,13,32,33,19,28,2,36,50
17,4,42,3,33,15,4,42,1,10,31,17,3,36,13,14,29,5,16,28,15,21,7,32,20,19,5,35,42,9,34,1,36,38,7,23,9,12,10,2,13,37,0,12,19,42,2
16,44,10,13,21,19,46,32,25,28,1,2,40,21,7,36,42,20,31,33,13,37,19,5,0,6,44,9,22,30,41,34,6,15,42,8,21,16,3,21,19,32,34,25,7,45,11,4,7,47,8,13,13,13,6
10,30,46,29,2,48,12,49,2,36,38,40,25,1,22,45,34,47,11,5,26,13,6,13,0,18,38,7,33,43,4,35,24,23,13,43,19,50,39,30,45,50,26,46,23,25,10,2,31,43,15,15
24,48,21,45,19,49,45,2,46,23,18,27,8,46,45,12,45,11,12,2,14,4,38,12,23,16,46,40,30,11,47,24,14,32,44,32,2,32,10,8,40,12,18,18,3,14,13,49,18,24,19,15,50,19,11,11
39,50,8,32,23,29,4,15,40,4,24,3,49,27,50,14,28,16,45,41,6,35,24,46,47,2,5,48,24,33,24,7,8,9,49,28,36,39,0,15,9,30,13,39,17,42,45,40,29,26,27,34,34,35,17
