20,1,200,-16
42,12,42,35,7,34,40,2,30,32,39,29,25,9,23,1,40,20,5,31,25,25,36,46,42,40,47,23
22,7,44,41,40,10,40,34,24,2,35,2,23,39,19,15,15,25,34,3,19,19,42,18,2,18,19,20
32,47,42,31,14,36,11,19,26,0,21,0,46,4,22,47,14,21,41,4,27,39,28,5,6,22,50
20,25,29,26,5,13,25,32,30,19,38,23,8,45,41,23,46,1,13,1,4
38,5,14,32,34,17,3,4,16,35,36,39,23,48,27,45,48,19,26,34,31,2,41,40
38,25,7,42,36,33,20,19,45,3,0,12,45,15,37,27,28,36,8,21,9,1
14,7,17,34,25,35,43,13,38,4,15,33,32,24,35,7,0,1,14,20,40,36,28
3,21,12,24,46,27,4,20,13,39,21,45,31,38,39,41,3,23,36,44,46,32,46,3,47,11,45,38
14,9,19,23,25,16,20,15,40,27,6,34,8,44,20,16,4,38,9,30,3,23,0,43,35
25,19,39,23,7,5,18,38,28,2,21,37,44,43,12,12,47,37,45,1,45,23,40,39,9,1
29,33,12,5,10,23,19,36,16,20,34,16,21,0,28,29,7,40,42,22,29,34,42,13,10
30,18,36,36,14,11,13,44,30,5,33,35,1,23,30,34,29,27,43,43,27,26,41,7,29,1,25,12,31,44
18,42,10,45,19,49,13,5,40,23,41,47,21,7,28,35,39,2,33,29,37,14,16,31,15,14,0
27,29,38,6,34,18,45,23,22,12,6,0,24,33,44,12,21,18,14,48,0,39,7,13,44
13,50,18,33,22,16,17,3,22,11,34,35,11,22,45,22,38,0,0,15,3,29,43,8,48,17,47,38
18,42,20,18,47,20,45,23,48,0,32,31,26,46,4,32,37,23,21,34,19,3,14,44,46
34,27,0,26,42,14,43,7,25,26,33,26,23,5,14,3,1,40,3,1
0,7,15,22,15,37,23,41,32,6,0,0,0,21,38,44,21,12,42,45,32,42,7,31,43
36,17,3,28,14,13,42,26,44,35,36,49,27,24,40,29,39,25,35,13,14,20
23,31,35,30,17,34,44,21,38,10,33,26,46,20,27,5,32,13,13,5,21
