100,30,300,56
24,10,41,41,34,44,30,40,3,8,16,36,19,48
30,10,3,30,28,4,32,18,30,30,39
8,37,11,35,40,50,22,7,15,11
18,15,19,5,10,42,43,5,22,31,1,26
47,0,43,9,44,38,21,25,18,41,11
3,47,38,50,48,22,35,33,36,29,49
11,17,50,12,4,17,30,30,50,19,43,8
40,3,17,29,42,14,13,0,50,39
2,38,49,12,36,26,21,26,23,32
11,24,50,36,6,31
10,24,33,25,28,48,27
13,13,30,25,8,22,26,42,45,24
0,28,23,36,36,39,47
13,13,28,45,22,49,41,26,31,37
50,17,7,29,5,25,20,38,33,1,28
28,34,31,26,25,21,9,27,6,16
33,41,21,13,33,16,33,32,29
44,11,38,43,15,6,32,34,42
49,42,40,27,32,23,27,44,42
11,19,15,29,45,18,13,9,12,27,5
33,16,25,9,19,28,37,38,3,30,17,41,30,11,23,22
14,50,13,20,9,23
50,16,40,35,41,40,21,3,39
47,42,49,47,31,18,15,19,22,5,30
9,14,32,9,10,35,18,38,22,22,48
32,46,21,11,12,46,49,16,22,24,12,10,22,43
50,27,29,3,6,7,28,50,22,50,14,3,0,35,17
44,35,41,8,1,16,17,7,5,21,33,42
22,3,29,36,43,9,16,24,31,21,41
22,20,26,40,18,3,19,13,37,20,42
16,20,45,42,36,35,22,23
2,44,25,12,50,30,30,22,5,36,17,28
43,41,20,37,33,42,21,22
36,13,14,16,30,8,36,29
22,37,37,29,39,10,38,2,20,7,22
44,22,19,12,18,8,13
6,46,34,8,20,20,26,27,48,1
47,1,19,25,18,29,12,34,22,16,19,35
36,28,20,33,13,36,2,5,0,18,7
43,23,11,24,33,6,36,47,36,46,32,46
18,47,33,18,33,43,38
19,20,0,31,25,38,4,31,10,36
50,25,44,16,35,0,26,32,7
6,43,49,33,25,48,22,23
32,2,0,3,29,41,11,40,20
14,30,2,29,21,12,35,47,24,46,35,11
5,46,27,10,1,25,44,9,46,6,28
1,3,21,12,6,14,39,43,15,16,26,12,43
27,17,19,16,26,27,14,28,48
47,46,14,5,39,32,49,27,9
40,49,1,15,29,27,5,40,39,35
8,43,13,6,17,50,41,38,8,3,19
45,12,14,24,45,19,27,2,36,9,5
6,40,38,21,46,41,0,26,44,4,9,35,34,13
17,6,31,50,40,29,18,29,6,0,24,18,3
15,32,36,6,33,33,35,47,43
44,4,42,49,5,8,3,26
30,48,24,38,43,18,1,21
46,8,5,48,7,48,41,50,39,26
47,10,6,38,9,28,14,1
22,17,33,22,44,4,15,50,29
38,45,21,5,27,31,7,25,27,44,49,46
19,49,2,13,22,37,41,10,20,29
8,7,0,26,30,26,46,31
43,13,47,21,36,5,26,34,5,15,3
3,26,10,8,26,45,31,15,42,7,3,23
21,7,25,9,24,5,4,5,38,11,7
7,39,12,41,5,34,27,22,2,30
20,3,19,24,25,45,17,44,29,8
8,32,15,2,28,18,43,13
25,12,39,46,0,14,27,29
50,31,3,24,39,38,0,9,39
25,45,31,12,36,28,42,10,29
37,9,23,48,14,22,20,40,43
38,8,13,48,6,21,49,19,39,33,15,11
0,27,4,18,6,38,41,15,50,45,46,5,19
47,30,33,12,6
19,31,46,47,0,17,25,39,7,46,45
18,13,16,43,8,24,30,47,10,15,25
47,48,2,10,11,1,26,22,37,3,15,44,20
20,4,0,43,30,15,9,20,11,5,23
11,47,13,33,50,45,1
38,29,0,25
27,44,0,31,40,9
30,3,40,42,24,43,36,24,16,49,25,47
9,30,40,19,18,49,40,27,10
28,3,43,29,13,31,47,39,19,27,16,7,12
16,12,32,30,11,18
9,2,45,17,35,2,5,18,50
4,3,3,25,16,40,42,41,12,35,33,13
1,27,35,45,48,10,25,17,37
28,37,10,17,24,46,48,30
43,4,46,37,30,16,21,30,48,50
14,42,7,17,4,20,45,11
8,41,46,8,3,36,38,6,14,48
15,24,5,45,1,39,8,16,13,50
24,48,13,20,21,49,46,38,10,50,14,31
38,29,22,27,28,47,30,34,9,46,30
27,47,0,18,39,28,17
49,18,48,27,37,23,11,19,28,26,12
