200,70,1000,-156
41,2,8,1,29,40,25,48,34,50,33,10,38
10,26,19,32,10,48,18,31,43,45,46,43
32,14,22,34,50,30,42,13,17
0,10,5,37,37,38,35,48,16,13,34
31,1,50,40,8,50,42,40,20,11,46
30,31,31,7,44,3,27,20,8,1,28
11,22,44,42,6
26,22,50,5,36,0,47,19,20
30,9,9,12,15,23,43,47,39,14,26,1
17,33,18
31,16,38,46,48,12,13,45,50,20
44,20,29,31,7,33
44,37,21,18,13,35,23
35,40,5,11,23,23,11,32,32,49,6,20,41
46,8,46,3,2,1,28,0,47
41,36,15,23,13,11,14
11,22,50,33,35,5,45,19,8,35,17
46,29,3,8,11,3,15
43,15,31,20,15,6,42,38,5,24,17,39,45,12,4,36,31,14
21,15,16,21,0,10,2
9,17,34,1,20,15,14,23,10,49,45,44,5
19,50,2,22,31,50,12,16,18,46,1,24
0,39,33,7,5,50,26,4,41,36,23,45,13,44
13,2,27,10,27,31,26,49,49,22
11,49,30,27,46,41,40,49,15,15,20,9
37,43,37,39,46,4,25,6,44,18,21
21,36,50,39,19,5,11
36,42,44,31,23,30,12
39,15,19,22,31,11
32,17,29,3,30,6,18,20,25
30,22,12,28,16,45,41,42,1,13
33,23,34,18,48,25,0,50,5
7,41,47,44,22,49
25,28,23,32,31,34,24,36,18,48,19,23,17,18
40,3,35,5,0,26,26,2,7,0,3,30
25,22,47,43,21,7,11,33,24,39
38,20,3,4,10,8,10,24,10
38,35,4,4,48,39,49,40,29,43
46,30,21,41,23,37,26,26,28,33
46,33,32,33,20,50,8,14,19,8
34,44,18,28,31,24,3,39,36,40,23
50,2,5,50,14,48,14,49,22
27,23,13,45,42,19,30,9,16
49,12,20,15,5,12,8,49,24
14,18,31,3,29,45,42,33,38,0
10,43,42,22,0
33,17,36,8,44,21,49,10,17,33,19
34,10,37,49,1,31,12,49,1,24,20
42,31,30,6,19,28,10,29,38
26,1,0,11,36,4,37,44,22,17,26,40,19
22,1,31,32,22,44,46,2,11,45
23,12,40,20,41,3,26,32
4,23,6,27,31,4,11,6,30,24,6
28,21,18,44,2,2,32,0,44,33,35,17,23,8,25
40,38,44,45,42,43
30,20,22,27,39,2,35,35,1,27,6,31,23,33,38,31,43
40,24,4,24,42,27,11,50,24
4,41,16,3,5,34
35,45,42,14,43,46,47,22,20,29,30
33,34,46,27,16,22,7,0,36,25,50
19,19,12,0,48,6,26,33,22,6,10
6,19,41,6,40,4,33,30,26,29,41
13,12,46
29,8,30,39,13,35,21,24,19,20,46
50,18,14,38,2,8,16,22
16,39,21,42,28,18,46,1,21
50,19,21,24,29,17,41
47,42,40,49,18,4,10,3,39,25,23,6,50
28,15,11,15,47,27,4,49,35
43,18,21,43,25,24,48
6,49,42,23,12,44,11,35,43,9,40,7
3,0,3,1,47,19,18,26,43,49,27
14,19,2,33,34,15,40,29,15,36,9
15,37,13,8,43,3,22,14,36
7,2,38,21,24,38,4,40,42,34,43,47
7,42,2,24,7,47,27,50
27,5,20,27,17,13,47,50,29,29,1,50,31,29,18,24
1,31,1,17,34,15
44,46,2,13,32
38,32,4,44,28,16,7,40,10
31,43,2,39,46,11,33,22,39,13
6,44,35,24,0,33,9,1,19
14,40,18,15,13,16,31,29,20,44,33,45
26,20,2,28,7,27,12,22,49,21,27,5
7,41,21,48,27,29,22,17,40
29,20,6,1,25,25,37,3,10,37,22,31,48
14,39,25,23,35,46,13,22,15,19,29
3,39,30,46,43,5,43,20,39,6,49,36
27,44,44,50,1,49,24,35,42
36,24,42,22,36,13,40,31,38,49,35,27,7,19,13,14,40
50,4,24,36,16,2
9,10,23,3,34,34,14,11,8,13,22,5,7
44,26,24
6,45,11,15,28
15,29,11,30,5,38,30,38,29,26,20
20,15,21,16,39,39,13,9,35,44,30,37,47,9
18,27,30,13,20,13
35,27,31,16,6,33
22,0,39,12,6,49,23,41,2,36,26,47
20,8,41,16,50,32,34
26,21,50,40,15,4,35,40,9,41,34,48
29,30,12,44,46,21,44,9,39,4
43,3,41,44,33,31,48,13
40,45,43,3,0,35,46,37,11,17
14,26,10,48,9,35,23,29,45,26,30,18,4
47,25,35,26,45,50,32,41,2,20,11
21,8,12,43,31,23,4,15,0,21,7,44
48,25,11,46,34,45,43,17,39,15
13,47,42,27,6,48,15,47,6
17,47,22,20,25,37,4,47,40,12,21,21,17,44
37,12,19,41,4,38,34,14,31,40,44,49,42
31,11,30,49,19,48,18,19,42,26,34,40
17,26,5,34,1,3,5,47,41,40
1,15,3,45,20,28,30,17,21
28,46,50,34,36,9,37,48,44,27,21
24,0,48,19,16,2,14,33,22,27,16,7,22
10,34,49,50,47,10,24,20,39,23,8
30,3,45,14,28,5,49,10,16,42
12,38,19,26,13,6,39,10,11,34
48,34,49,2,16,35,24,19,20,7
17,30,23,24,27,27,23,0
23,23,23,46,30,50,29,37,6,9,1,43
11,3,24,36,24,46,33,37,11,16,43,14,2,12,15,42
23,30,7,7,19,43,6,12,32,33
14,1,15,21,18,40,25,20,47,22,34,42,25
44,16,43,41,41,47,16,14,46
1,38,21,0,6,22,23
9,20,46,42,50,7
44,31,16,39,38,27,36,50,25,30,31,23,29,23,40
43,18,47,15,5,39,36,20
14,33,26,49,11,15,14,12,49
44,48,19,14,1,28,46,28,0,49,34
4,14,18,31,38,16,8,20,33,22,0
47,48,19,18,46,45,15
1,28,33,12,13,24,48,35,3,38,37,23,50
7,4,20,47
36,22,22,13,27,37,1,1,1,37
21,30,47,37,3,0,21,47,42,17,5,17,5,27,43,46
1,36,33,5,2,24,11,22,29
32,34,46,4,25,32,12,12,1,6,42
24,18,2,46,42,30,17,34,7,31,29,29
36,0,42,39,36,8,23,25,8
8,14,45,39,47,40,33,50,26,19
18,1,7,1,41,48,39,47,37,17,17
15,46,2,38,9,30,2,15,33,39
3,33,4,26,35,1,25,13,28,44
32,20,34,34,35,29,26,49,11,8,14,23,11,20
42,40,22,9,46
20,48,28,5,27,15,21
3,8,44,41,19,0
3,31,37,40,48,15,31
1,10,10,37
13,26,36,1,13,30,21,43,12
7,6,24,7,38,13,46,15,49,24,3
45,16,18,18,43,40,39
24,25,25,7
25,3,36,0,15,9,50,43,49
2,7,33,14,3,49,32,37,4,4,40,12
23,35,13,0,47,33,44,50,32,25
20,24,0,6
17,46,5,30,5,16,32,1,1,40,13,23
7,20,31,29,0,21,25,0,18,34,20,26,2
12,17,38,36,9,33,43,11,33,25,8,49,39
50,33,8,28,48,6,9,1,36,5,22,38
20,6,22,45,11,39
41,28,2,5,44,31,22,5,17,32,19,47,44,5,39,21,14
30,18,50,7,31,11,21,6
22,40,49,8,15,28,47,49,1,11,12,20
43,6,1,50,20,31,19,11,23,19
7,14,48,32,34,20,18,34,30,36,45
12,38,45,20,0,45,5,42,4,27
39,42,23,41,30,8,13,9,39,42,11,30,46,12,42,21
17,17,42,3,30
19,4,38,18,40,21,19,18,17,36,5,1,34
45,2,46,16,43,6,48,1,31,16
12,26,29,18,22,3,41,36,5,7,5,44
32,14,43,20,8,50,37,7
49,6,43,20,5,2,0,33,29
43,4,30,45,8,39,23,21
25,45,24,46,9,30,0,10,32,15,49,43,37
46,25,2,11,26,45,46,21,8,15,17
4,47,8,29,7
15,1,47,16,10,3,5,32,41,6,33,44,6,12
14,0,40,29,28,33,11,36,33,31,11
38,43,29,30,37,21,1,45,4,23,31,1,36,31,33
17,14,34,10,9,22,0,23,19,10
27,10,16,39,44,6,7,15,31,35
10,34,14,33,42,19,34,4,1,19
33,11,11,23,49,45,22,34,12,10,4,23,15
25,29,44,33,21,15,7,26
3,0,44,49,6,46,43
12,47,46,1,10,39,10,26,29,10,38,25,42
23,11,38,45,22,4,34,16,11,33
29,50,7,0,2,44,46,15,26,14,34,47,30
30,42,13,14,30,36,46,13,30,20,10,24
40,20,14,2,32,24,31,7,8,2,8,41,31,5
31,8,16,50,35,31,48,0
10,46,24,8,0
22,2,28,7,6,20,17,8,49,49,32
36,17,9,44,22,24,49,31,44,9
